3000 3000 1 1183
202 2097 776338791
1962 2129 146930207
1733 2210 632979032
2657 2959 694571934
2925 2997 444861275
71 2566 875727718
649 2952 63438744
1707 2797 902105186
2535 2625 296995888
1116 1424 689410488
1141 2396 466058599
2883 2908 764989727
1711 1808 817057159
1967 2920 339625032
1649 2994 840499541
964 2961 542454963
2317 2712 804104921
1317 2973 151153747
1945 2510 146859368
186 2976 857591527
2756 2867 836312729
1891 2685 868682549
308 477 223928899
1006 2363 247392677
1913 2546 720718262
1040 2235 655315994
351 2242 350658707
1655 2431 742266921
1714 2052 261722642
2153 2742 182870932
1775 2080 474360471
931 2715 995309072
134 1763 335340217
1689 1906 304619981
632 1942 594182245
2662 2961 616295979
272 2254 731215238
878 1954 516713955
790 1034 791118472
895 2784 500744086
2853 2967 444525439
2889 2928 880915344
1184 1572 782645006
2265 2965 880142729
23 1383 126434122
2322 2446 817804368
1189 2311 790048234
1357 2026 880234949
2216 2631 594453971
1037 1130 26384586
862 2115 280650361
532 1343 380939526
2665 2955 634876716
99 2973 105376610
1188 2691 293095981
1959 2306 919404649
1537 2521 272232696
2999 3000 93675142
123 2844 443482302
317 322 597570981
914 2395 523968760
1246 2456 850745480
2943 2986 523990624
752 2659 791414855
688 2082 771136920
1975 2335 445689821
421 2009 979688050
1697 1967 24166133
2621 2643 351970571
734 2980 440653945
331 1877 641896081
1016 1747 189686340
325 965 887251844
728 2144 998764541
608 2530 986417043
1972 2504 539526831
688 1526 49844105
1448 2368 143007811
1368 2970 165040260
932 2473 117651191
1521 2594 939513024
34 1669 159004801
2265 2507 892284769
1916 2519 203795508
1569 2236 211131365
1286 1560 616928482
716 2305 967269307
1347 2913 915747152
323 1333 456258164
2359 2535 843749669
2263 2968 771564100
271 1189 918855119
1282 2366 631763147
791 1057 695870813
542 1095 12468102
1588 2012 801161749
651 753 665987519
437 2800 950515802
1025 1454 558819830
1300 1710 365030933
1371 1390 488230816
2507 2514 94475755
253 1964 943314523
424 1478 728038553
331 2791 547115072
1059 2004 580968014
1605 2901 530400653
1442 2299 365166424
2747 2991 781894091
2572 2584 539771466
2604 2846 133675487
992 2027 875849725
120 2731 638594543
156 2975 924435669
252 1497 183220227
856 890 876292414
2502 2885 451847805
2680 2930 42923580
1722 2649 100240975
1348 1804 273632943
1706 2857 840213636
150 2003 778689366
1014 1348 277423001
1204 1923 839728658
426 443 506669366
2591 2710 893947817
339 2136 795604572
610 1980 36102711
1928 2712 608798887
90 2193 480236165
2795 2941 124723201
1643 1793 127368928
2637 2849 37164740
418 419 492012835
168 1913 414176611
2041 2230 820485898
1895 2261 122965314
105 1738 443290119
250 1992 413069513
1081 2198 816770729
769 932 751672621
1414 2296 255207790
2798 2910 983254789
1693 2654 428285578
771 1254 599805121
296 1314 530452632
763 2211 60796431
1707 2157 724450946
826 1760 512475335
1650 2840 282918271
2748 2894 102247117
1058 1310 713217045
1056 1495 205213385
242 1892 9949795
507 2913 549856921
604 2562 613876361
1473 2483 788130319
473 2830 118039067
2751 2945 647275084
527 2685 825349990
298 2147 24380444
2995 3000 498455209
208 1345 328422998
2935 2995 570327609
858 1815 917051043
1361 2269 230617951
2793 2929 324672380
799 1403 552813455
2933 2934 550708617
2240 2394 682345629
1575 2731 371744877
2741 2748 611761184
1556 2890 380942561
1946 2647 741626934
1133 2520 83122255
973 1807 483620715
2368 2605 693944955
1365 1477 13170145
654 1344 887281282
438 2203 646449
636 2105 200436792
2632 2633 198055039
368 616 901186322
1551 2600 744454535
82 375 304044306
718 1562 393851031
1448 2640 307798990
102 310 839853183
679 1095 824167970
695 1531 515215648
1541 2364 69775894
2921 2949 987843797
1061 1167 151290155
1643 1855 139545436
1377 2132 646935417
1324 1849 281266489
120 483 303590329
757 2109 595781292
1531 2470 785198116
2871 2893 983788677
1533 2115 960772772
97 1247 154083916
1781 2340 65171040
527 1350 488825268
1392 2834 90978805
2567 2964 114836498
2635 2836 994876780
2059 2574 803317074
2 1915 387531402
777 2070 23233623
1998 2933 318422806
1419 1631 477239284
613 1114 827162752
2561 2933 770511006
2648 2763 195939606
1369 2673 390215514
1133 2556 96174120
1941 2796 94253939
2469 2974 793615984
1414 2860 364665116
516 2983 781653050
2228 2903 928269567
1309 2278 244757440
1986 2521 890654330
163 2981 605305052
853 2851 796873472
499 1973 81876968
2769 2926 378839843
1738 2482 524130026
557 2169 720614489
1480 1962 938026579
695 2656 286472545
855 965 470933511
1671 1972 678518196
2802 2963 37383080
1174 2339 224417856
2865 2892 182191544
68 96 201563029
2733 2740 741345549
2405 2693 713657627
80 1846 342106944
2854 2897 261837923
833 959 503420742
1933 2249 11683334
2814 2929 454428296
1650 1837 605953265
2654 2927 673352522
2534 2897 108423817
960 2209 716956633
856 2118 508963889
2056 2830 396550633
2921 2950 745988467
1108 1884 655798664
1990 2066 480747616
629 1697 681934013
2323 2766 726624782
760 1977 386776127
1265 2952 60682724
1520 2816 151451597
145 2697 837363749
467 2845 601389704
1807 2015 735706309
2294 2915 333402200
659 2295 668352915
1872 2284 503777686
2211 2501 676742335
572 1772 381566373
963 1902 521384865
1269 2609 276796908
589 1610 100665970
2553 2678 834189734
2332 2961 555518378
297 1787 50306930
2972 2988 772653644
755 1082 778839363
2287 2891 799692745
932 2497 44596227
714 1809 801206283
1735 2425 448960275
1536 2024 982785776
1499 1848 158325245
415 1150 772864257
2129 2431 281534495
98 1389 998782486
1805 1829 198981211
2899 2924 42648026
692 1696 145564966
2640 2891 17747231
31 2836 760164147
1136 1241 138357953
849 885 516883022
24 2252 297243817
670 1631 115847035
2589 2774 294801351
222 2349 911125639
1497 1812 986457138
1632 2801 887516560
2067 2768 988592856
36 1844 719818119
1990 2230 479157645
1812 2273 892868581
2011 2891 994445071
1567 2628 485201544
833 1864 385041147
652 884 402902845
1212 1979 711851211
2162 2405 1117120
564 2988 621619455
2639 2828 550489447
1249 2903 246981915
2910 2935 775989961
2926 2936 499701863
2368 2862 333575618
2488 2954 533035304
1473 2068 757206319
1960 2027 115091066
701 1803 165940164
1149 2294 353776421
118 717 606908752
707 1605 533397991
2811 2992 578764424
1101 1343 681594041
900 2622 693590385
328 1434 356292488
1369 2576 881393593
580 1650 906622743
819 2136 839386628
254 1254 2458318
2157 2484 843958588
1411 1701 770685181
1756 2144 562938881
2740 2884 424391938
326 1051 626163279
1514 2755 218470074
2943 2948 34875583
809 2780 532514244
2473 2629 716185950
2908 2922 870421406
1154 1709 514767168
1689 2974 945126395
1538 2905 484354684
727 1355 950172463
1468 2154 284300659
112 2410 777443828
579 1947 703179917
12 521 771685703
2108 2361 752407587
1748 2850 928000737
1851 2646 534911613
651 1842 249136102
2173 2784 497049889
2412 2871 480940639
2003 2322 124780006
862 1944 992815638
78 1402 281103610
2638 2997 480082216
2249 2477 822423019
2392 2979 297351543
677 1256 310392650
2066 2645 583268422
767 2065 962284874
173 1599 496848206
487 701 572445070
1282 2813 784934882
1594 2278 600157732
2398 2667 908083321
2185 2364 554983612
1053 2725 187654385
1253 2410 355438296
1792 2412 699841938
2584 2592 383264181
2147 2377 92901890
1944 2515 736329506
948 2528 988984755
591 1262 699922649
1707 2885 379195765
434 941 704567945
2142 2856 457536632
2078 2195 507014194
859 1747 110341015
371 2369 86527955
2991 2998 912869894
2515 2885 128898846
2695 2758 617623147
1218 1438 258953656
436 2631 137210645
1220 2894 957943689
2389 2973 15198592
1152 2613 995166660
2882 2883 638278928
2804 2806 164004259
2992 2995 43901785
103 517 384058974
2264 2378 635946459
267 2127 364645603
421 1473 397749675
1330 2156 933142765
1397 1978 76727013
2169 2532 81245388
1166 2019 687819052
1437 2282 251888393
2801 2868 272496230
1053 1559 145583772
1767 2762 615476239
281 1230 169857402
1283 1489 391844255
1731 2094 598682690
85 752 904191038
578 2209 460625974
2980 2981 267003458
2732 2953 110912684
2152 2407 212216609
2323 2598 960247416
2595 2868 497720438
2704 2916 480243755
1747 2687 373416458
899 2063 414078754
1213 2061 223525253
1103 2923 4270259
1902 2611 418463791
1905 2707 433723074
2548 2557 273525114
2932 2982 979658417
1898 2086 402083637
788 1065 420047018
1399 2349 176407152
1831 2463 643470606
2598 2634 401271755
2894 2925 395831356
1661 2491 661558523
2933 2997 638305232
2521 2817 478217013
852 2841 25595846
2468 2801 551648909
2502 2612 345138245
138 674 486116548
2178 2891 629670649
2894 2953 314415955
2361 2460 944859942
337 2005 241531853
2540 2638 59628756
1769 2143 769966332
1879 2365 336070314
1702 2821 457358438
2803 2835 354868915
1181 1908 591289925
2934 2994 301205384
1091 2555 459608693
724 2676 368544517
2750 2889 574681575
871 1989 490754562
220 1584 864901452
250 1712 306793917
2554 2973 697185958
2710 2892 888815194
2941 2983 646364767
299 1569 318802623
482 2110 47366069
1777 1850 457217624
2183 2263 955653961
2323 2334 717332659
2907 2925 518624846
2507 2800 386315071
293 369 701432716
2725 2726 974303640
1472 2022 65539849
824 2367 551276561
2656 2719 652001997
2485 2609 639224250
259 969 468978182
1983 2891 569756913
1142 2910 222199986
760 814 147668427
366 2427 938636136
647 2647 450404850
1052 1522 627926904
2234 2612 742507485
815 833 477849222
1128 1286 148947255
2145 2519 917988979
1810 1902 931945780
240 1448 512937112
264 1080 130872365
1017 1622 83652853
2153 2599 633225385
2552 2633 496462093
1670 2731 448779407
316 1853 32995933
2427 2724 397261261
2935 2972 579803472
230 976 306165698
2733 2917 280771924
2352 2999 451161170
1765 2590 278427427
1876 2407 301564858
1499 2549 71751435
2211 2646 209868375
2701 2822 99437096
598 1628 659667107
1741 2238 938575271
857 2807 521990598
928 2574 627657294
69 2054 938690197
2925 2938 218265073
1882 2774 423357261
1753 2277 986510071
598 2002 568214411
226 782 785074326
1413 1909 915440727
2311 2360 815714092
1810 2967 398806993
1302 1905 785557580
2740 2881 653061936
1650 2433 251856136
2325 2580 57654594
2502 2844 502326624
269 1491 12641513
2179 2878 16178799
449 733 84652279
1592 1896 379171871
90 2831 249924787
2999 3000 548517020
1723 2891 128966511
1670 2857 222573306
2180 2859 801816183
2425 2448 659210149
1438 2324 90793161
2348 2829 998846921
213 1997 695952398
2642 2986 847358387
996 1679 272475837
2391 2544 344155538
850 1668 670665273
1443 1499 462670745
496 1149 602978031
899 1902 816611218
2766 2928 436171941
602 1237 40980225
2930 2948 547055165
1234 2584 606130408
2040 2989 982601492
1975 2686 519899606
1682 1786 399234405
87 2162 252505580
961 1431 706007103
1268 1628 597368673
1775 2199 628571718
1169 1202 256198451
2213 2698 588587096
675 1350 784422879
1719 2818 270062151
2117 2542 977035718
962 1385 386590045
1074 2697 139357858
2304 2372 221445727
2202 2883 837116523
1603 2484 350831447
2476 2801 959773661
1259 2528 693369130
2987 2998 482614020
1707 2002 283274692
1572 2522 585584188
2746 2776 433926434
2324 2794 433825093
488 2474 256959332
1550 2824 10571989
2776 2816 276268305
386 2020 237058018
2852 2935 46111247
403 551 788268013
1763 1773 749283270
571 2476 791982859
1178 2738 954265688
1579 2725 264742302
1920 2702 675244974
249 1873 780961669
1990 2303 492079297
1774 2673 250632906
1078 2656 102827936
879 1149 237906322
1242 2127 808937740
2933 2986 49972838
2827 2906 975623003
463 2099 979109234
1604 2077 194771262
1073 1132 761270144
19 1689 583534990
2329 2377 718687317
2183 2333 376774862
1649 2689 500596398
2324 2868 593570846
1507 2227 164332124
399 2141 732558383
748 2361 401629434
1901 2422 536470541
1219 1768 441589574
468 2576 542294761
524 2306 801435632
1975 2869 705096232
733 2472 510983916
1033 2357 792265637
2739 2879 205032476
161 838 738400655
506 1960 389829073
2702 2926 702240827
1981 2589 681392724
1770 1930 509603371
1034 1786 581322892
2251 2866 31408544
140 761 145342732
447 1520 842482617
2157 2901 427794837
225 2555 955519935
998 2623 255606368
971 2495 576576767
2315 2959 538048429
1500 1827 813207327
77 970 961257818
691 1399 961094252
1351 2562 605705890
597 2592 88969059
319 1146 436240001
1845 2033 975779653
1247 2433 669641508
281 2064 860266955
2628 2947 792807348
2769 2934 590088617
516 2363 949981458
669 2970 848344198
1511 2535 852856019
1108 1867 702251940
2802 2965 696219890
2592 2711 210735974
2918 2959 492497263
190 1958 906875725
2757 2779 274662175
156 2296 27427661
195 622 201748407
2765 2934 152548911
2528 2568 538898390
1107 1412 636985767
1646 2437 331190379
417 1744 398500852
467 1230 81269136
1554 2103 809282556
760 2856 246255498
221 627 60771174
2314 2703 665132817
255 1491 461311311
2510 2879 634634077
2196 2823 109777419
2304 2450 396914625
1388 1774 656338121
530 1482 329247345
827 2844 151281543
1935 2654 119868957
1347 1933 922834651
2629 2944 214443359
379 384 468924729
2717 2848 833887335
1291 1505 85069336
1068 1979 573598654
1113 2233 126644137
1192 2760 829663867
1956 2355 239277638
2463 2934 532110399
1614 2596 505946411
1903 2324 292173579
1189 2532 874858643
2670 2960 336804831
2702 2804 806097925
1021 1882 396266647
146 2094 255437189
417 2499 652285884
2413 2450 626523844
397 1869 382122672
1069 2703 93586821
2168 2748 616014148
424 1360 439735936
82 1840 451936490
545 1557 177342175
1591 2551 260481708
2690 2831 822967007
2983 2987 403151721
1679 1982 329831710
108 1689 878907652
2428 2996 657101040
2249 2674 556391143
1544 1945 349735742
1503 2118 615708882
2362 2798 771853515
2313 2673 996909194
932 2914 700685517
259 685 418035610
2155 2579 848045335
2717 2779 98116265
2764 2772 971443973
231 1934 932713623
1537 2958 377217638
297 522 564294722
542 2475 984092075
238 2620 275787359
2764 2957 477460144
2582 2763 433549931
775 1391 437358022
671 2350 56644712
1794 2152 113578557
598 1998 522285631
2117 2509 491586963
2196 2459 750847541
1679 2866 274635941
601 1111 973493549
126 258 141046557
1171 2136 836994463
2553 2941 589112389
2523 2988 45285717
622 814 415125067
2059 2217 798372062
1499 2474 599323470
354 1389 398105909
1196 1586 485277449
140 2309 446076060
2696 2916 879990106
45 595 891825204
193 1153 263950550
1253 1977 363662286
1974 2273 741789686
1871 2314 649911574
1183 1794 894835424
173 2980 428730367
421 661 585800211
594 672 784980670
789 2434 894278661
2816 2903 395470880
1039 1903 180839293
2439 2843 206446141
117 2875 503971289
2358 2552 395860671
90 2422 285727404
2499 2957 672522031
2781 2898 640277835
2873 2969 942181951
2570 2973 666744504
861 1170 537339286
702 2923 821692130
2406 2450 89952512
2743 2796 423786787
475 815 365765602
2981 2992 160728587
334 930 421567522
1217 1881 263992423
144 2316 529754410
1835 2916 275033341
1583 2134 993625055
1667 2960 413881888
1946 2519 239645814
743 2180 837670625
1697 2803 170398273
1065 2316 519972751
1654 1691 342367829
1317 2444 974244479
596 861 422119284
2826 2844 854902153
2570 2653 879686374
378 965 352238891
2168 2747 770762124
1072 1306 990613181
2234 2482 546113266
2005 2513 465940079
908 2510 693963238
409 2247 856681227
294 367 585051049
2484 2932 862297321
21 1860 825476567
1238 2134 989913478
500 2156 137685678
991 1340 960334599
842 1875 251697660
1405 2141 306591073
457 2297 397250890
1215 1765 856284389
1412 2094 569052323
1254 2974 124411779
960 1035 867378839
1237 1818 95129118
2824 2857 529387570
1072 2437 713492691
170 2228 868190588
740 2266 336046323
484 1827 554021647
574 677 939590587
1621 2160 20543863
390 730 104879743
270 1952 501063249
1419 2832 456286760
1384 2497 455239033
1992 2617 164642356
1568 1911 15034841
1774 2773 457180027
2533 2767 237055871
2530 2755 457929579
353 1411 225209732
2330 2795 807019073
2788 2875 95381575
1553 1615 805450336
1367 2163 66227102
2119 2500 660757822
2837 2840 851401933
2162 2975 306822818
1443 2277 437090854
2472 2921 332432283
1749 2387 584538249
417 2491 991160269
703 2904 976349929
2445 2854 956571658
2247 2947 727676125
832 2133 996478082
2375 2985 973728785
468 1307 790669685
2371 2431 492123981
1229 1948 593057266
2839 2861 60250938
370 402 514480155
2900 3000 954432474
1625 2519 796432499
512 1312 31316510
476 2377 654863545
2484 2901 882731405
165 2713 976252777
1301 2083 961841515
2184 2608 487265496
1852 1891 169095061
894 1651 857843757
2271 2646 469494954
2412 2483 564169418
1567 1817 517505841
482 2694 741693032
2034 2344 992779701
152 424 42751518
1372 2766 446622927
1139 1493 599429311
2578 2603 9409523
2745 2830 60806609
2688 2737 582571408
1885 2861 406318112
896 919 491672221
620 1911 204895454
2905 2966 167352415
1880 2305 146159636
1854 2855 812147856
126 2348 746736508
234 458 631218666
1304 2752 969194436
2638 2646 476701754
2811 2974 839598135
2584 2987 999640470
2860 2913 601887810
1856 2783 141586028
1168 1285 450476025
933 1350 606230023
1705 2341 498924777
324 1251 208648690
2409 2522 61891552
2156 2232 711225979
2468 2684 34185653
1586 2093 879809347
2182 2552 205526519
899 2401 536620493
1576 1941 247333300
600 1365 704267080
1138 1925 527881356
636 889 784033390
202 2207 284872713
1694 1871 269688268
1875 2756 656371759
112 954 537935568
2797 2809 929919613
1646 3000 690714299
2395 2726 255696063
2928 2946 875784165
1504 1514 790760727
21 1034 918810986
392 2424 42911223
2462 2854 635817752
820 858 259618829
1451 2155 432385720
1205 2784 640979966
2776 2942 58619197
110 1319 108520349
769 2197 837642857
2439 2554 460657278
750 1490 573454707
1916 2384 311885295
2250 2588 260425832
1776 2901 560620325
2131 2592 388559333
2678 2724 780464040
1694 1888 525119624
1294 1317 109893570
2005 2120 880414724
1206 2883 464960551
2042 2998 481202780
2245 2412 24238708
1441 2339 13923954
1674 2332 944724726
2302 2929 648738398
2443 2790 423707971
2344 2627 609689011
256 1377 269343656
521 1062 988492862
914 1729 768258732
1794 2367 643040419
2300 2878 734144229
566 874 208571245
787 1792 940518672
1273 2650 954348625
1011 1243 892944782
199 2364 809229888
102 2258 726977060
970 2230 308684743
716 825 469805916
2601 2629 133190161
912 1099 469798491
762 892 40960195
2981 3000 58377202
210 1889 41314464
1258 2888 239987480
1773 2542 272583836
2851 2900 582022334
320 569 810070064
562 2932 756450880
1433 2353 128051372
1499 2133 989151892
100 2584 169928847
1687 2608 400319108
936 2032 920519609
254 1366 357912646
2503 2746 287774506
1024 2928 921030949
1330 1895 129916314
608 2299 208806390
263 2706 638841959
1424 2708 223359523
1939 2478 259202549
1532 1994 927071100
1759 2799 448111933
1990 2897 913964816
172 971 755687253
567 602 589957003
758 1894 513093528
1388 2080 55506050
2329 2981 986361122
2388 2528 440389674
1177 2736 197385358
2591 2598 759708675
182 1253 239749608
1364 2948 733757956
1496 1916 998423170
1691 2594 996591709
773 2184 68167598
1565 1875 663375268
1130 2466 757612935
2394 2948 782448837
285 2159 913090762
1914 2617 889931935
593 793 65615973
1932 2616 498914444
605 2831 93202883
2373 2864 242668539
1606 2459 886490240
1719 2838 402496624
2561 2635 588919212
2004 2502 227070793
860 882 71416553
1817 2844 712285642
547 934 579006121
506 2713 661592283
2981 2989 412175897
609 2401 535388897
2009 2622 301314699
1294 1563 725821337
690 798 942787516
1251 1989 610212318
845 2788 24131894
2669 2672 11586197
2707 2763 660637904
2108 2175 252484397
281 1564 221786630
2429 2564 953102836
1392 2943 639696961
1299 1757 946914165
177 856 792594493
1131 2421 860584917
773 2677 74407727
1606 1737 726934755
2415 2892 539309859
1039 2577 660807866
1275 1280 49683579
1347 2426 795899351
2860 2899 968033326
764 2384 319183841
1728 2430 102518931
19 1837 725180639
412 1922 262889056
221 1119 746593869
1807 2250 717165110
1330 1770 222334206
809 2543 267552654
1872 2157 90146133
887 2625 334499108
2576 2586 229040914
2025 2156 158360226
1073 2289 437113724
1887 2994 587726534
2410 2509 889840450
113 1488 451978183
2766 2790 38199998
1861 2496 778359256
73 2619 22460427
1530 2983 640305692
1846 2294 3306590
1377 2687 836914171
519 1175 471935923
2668 2673 434265333
772 2528 982614608
1933 2245 336009404
670 2039 65566876
868 2360 681203304
67 451 717414816
426 1238 150442040
2615 2710 581798253
823 2033 260738122
587 1996 3320906
2610 2906 842222694
14 1926 408675787
1587 1779 338354723
963 2282 833359263
226 1611 914601370
2801 2850 749742098
811 2682 97222001
2851 2853 533286324
778 2048 300887361
2621 2729 800467495
2592 2726 441404109
317 1862 561917448
1020 1210 745108717
136 810 105534259
387 945 155300966
786 1864 90255274
1356 2971 506167298
1107 2723 304884302
1121 1380 990103840
125 780 830328157
421 2989 230501956
870 1866 537140095
2434 2877 185773085
2941 2992 868575318
2753 2945 641719232
412 1786 453364297
2871 2902 262591846
296 2345 390509684
2469 2747 775900728
2150 2933 457420835
764 770 877170211
1743 2725 425850217
997 2805 498190613
2733 2766 167168937
951 2736 965684596
1199 1849 336534765
2103 2482 207112467
1508 1689 599081933
466 2621 952955548
2180 2784 507141338
1198 1864 2837273
2832 2957 703538644
1730 2320 303784597
1401 2636 353009536
1315 1896 906961921
1395 2373 445350184
1446 2968 939241287
2082 2424 937881643
1520 2394 142894452
2592 2842 178820973
2747 2857 901443873
295 545 994557801
2924 2964 988583215
1355 1365 341373920
2444 2957 681548192
166 2822 603377588
770 1356 21288367
381 757 614962989
2622 2807 575194770
182 899 151095794
1437 2231 637451672
1087 1402 790682989
1953 2694 371822598
728 2147 672100095
2705 2802 357467248
25 695 97027320
1785 1978 824473749
833 1413 237651972
86 2942 154113823
386 658 845610068
107 581 166557658
448 893 664947648
1049 2226 605591688
1840 2199 531360516
2708 2939 264198668
1161 2825 662167776
2290 2642 837791940
1555 1795 708877621
134 812 895473
2694 2705 812243964
1640 2566 93931400
2981 2996 62279239
113 302 761216642
2005 2181 791264893
1576 2299 552688032
1967 2734 850522361
377 2247 400535586
2655 2900 839221409
2867 2913 791097882
395 2394 51224965
2444 2787 894828873
2751 2905 584875269
214 1136 468051575
2555 2816 713801372
1357 2612 398423248
2810 2829 668997370
2424 2777 188995695
1841 2669 8466102
2820 2994 178461328
910 1117 363577698
2333 2596 673040142
2867 2967 108847088
1522 1700 695014560
1961 2987 307852582
1766 2615 533158928
612 1471 354226815
1532 1879 547875883
1606 2000 662691302
957 2694 180655327
691 2492 569029244
2703 2770 255251461
1870 1956 338943767
1404 2747 574891222
1775 2106 659773537
1861 2355 331255107
2081 2359 94712778
2736 2829 338252362
272 1791 599971292
1551 1903 929405290
1243 2822 448059486
1529 1785 207520278
464 1656 417887401
2610 2985 927181026
2850 2972 726427593
1830 2848 274195691
2744 2835 657038020
1460 1897 327279968
1210 1934 615440719
324 1078 944258085
2367 2790 969381172
2363 2973 276238414
1698 2659 312703726
168 1216 265724599
1807 2479 433033096
893 1579 327809568
2534 2753 110957384
191 2057 752402307
356 2962 631307013
2777 2871 294384480
963 2754 463040695
2098 2596 623030504
800 2898 195897536
1643 2466 620304607
1396 1726 371814260
68 313 960039186
443 1626 350124194
528 673 407424127
1140 2285 3111159
2965 2970 502964384
2573 2758 567042591
1716 2157 909239206
1699 2956 60577515
865 2365 337675695
2302 2986 669360165
1569 2544 547721312
1734 2964 303713424
2361 2748 8311288
979 2584 98534479
258 1067 155968886
1700 2439 847681716
1149 2784 36935033
2990 2999 131691994
707 2693 265916579
832 1181 382838417
405 688 274603821
1316 2794 716299615
577 2597 182728944
339 2074 895295129
178 1698 773692063
532 1796 758216084
2422 2602 914333223
1633 2964 876664340
53 73 189610205
1238 2496 652012408
344 1772 797918972
556 1711 466955628
1843 2330 573341536
121 436 483805081
2676 2883 917708364
1225 2431 350817685
1386 1917 612539625
264 1903 599621721
781 2093 451148410
989 2782 779514142
2793 2812 912683900
269 1860 774144173
420 734 722253956
520 2466 959377599
14 2972 829744040
1154 1369 756807102
2085 2711 726419123
611 2464 246222655
668 1872 79988552
251 1011 438454842
1358 1797 653341518
537 1253 531447607
1249 2008 177151237
2301 2989 772338490
1752 2949 67118343
1726 2966 75367475
1383 1476 850444219
587 1892 372251254
2315 2744 729601341
1235 1270 913236090
1667 2628 119756446
2799 2918 719188739
1701 2328 9123863
1185 2905 282905012
430 2524 807992406
2803 2963 352815670
608 2626 902525371
1033 2283 712181670
1502 2723 194521384
789 1996 375193181
579 1687 150216488
337 1904 796497168
1645 2456 154811551
574 1400 336992988
122 2255 25707065
2646 2950 181469096
876 1885 908419052
1684 2924 431002410
1777 2387 448414889
2810 2887 288435552
441 534 515930856
2556 2684 663974472
1010 2196 930121332
1602 2797 218354710
981 2857 891232856
648 1412 732865577
2145 2496 392777846
543 1225 756528446
1895 2547 857144179
527 787 426717534
2257 2910 102034206
2822 2851 959474434
2574 2868 166981603
1081 1871 649558666
1929 2140 161305875
2717 2896 46615036
237 1666 721042202
1663 2429 344058962
648 1040 386233876
1031 1980 946225261
1098 2086 932074004
2757 2764 844837028
2121 2481 655580069
134 2466 208372531
2502 2588 9561961
1535 2483 607301531
2199 2799 507176454
461 1675 283545181
1814 2045 590703867
2913 2925 840441417
215 2388 160653852
1805 2066 968075844
669 1186 380572699
1252 2455 827544769
2858 2880 589000766
2965 2973 416111761
664 2368 836344414
1866 2093 494133634
54 1452 215534431
480 1134 999337292
2043 2904 69337597
2672 2865 106195963
1631 1991 323448900
1776 2410 649398247
2992 2996 948042273
1191 1239 80208191
2183 2715 216459689
1677 2216 901385435
1640 1852 104431352
580 2022 409210265
2508 2991 776342970
2467 2576 189122009
1838 2024 616460005
436 548 833605010
2550 2862 348879924
661 1484 428233893
511 1196 363289990
2572 2767 341397953
54 1061 390396972
532 2041 916254786
2684 2798 345795589
2478 2771 613795483
1291 2689 545941262
2372 2702 158709601
1772 1787 568417946
2673 2745 510697840
2511 2756 66344839
28 633 891210775
986 1857 537013582
1979 2225 907305535
1420 1503 595031665
1439 2429 128982251
260 1463 88502873
920 1568 605568973
806 1291 12834239
2607 2794 218209312
2338 2849 498484070
1702 1853 391307215
2110 2177 115390306
2731 2804 910054655
1176 2672 593639776
2725 2991 717443844
2583 2929 578901309
1341 2361 599140414
2437 2929 13509965
2899 2999 612555135
1117 2771 552093275
1314 1539 591577764
1324 2272 775188192
1657 2300 248114281
1695 2880 610604661
2732 2895 236690806
2542 2992 892119983
928 2230 568814878
399 756 228028892
1954 2254 167562181
279 1045 355313063
718 2112 74233422
568 684 176481662
1649 2615 927871418
1071 1459 236239962
1068 1344 302985999
1862 2517 166028652
99 1883 614610662
1355 1473 343929645
585 1445 921555602
455 2264 626785155
276 2074 346409916
359 2141 236576691
2833 2978 696039555
2153 2285 45876542
2287 2409 720425400
1027 2257 181225133
1971 2401 608017932
523 2385 631170579
221 2349 408444110
1983 2384 581109960
1684 2965 161917360
2927 2980 50850764
546 574 117405027
1661 2347 871943599
1402 1862 655607349
1509 2719 801282096
1182 1544 520631039
1013 2063 120178024
2817 2818 97829992
1892 2099 235533890
605 2143 972420737
943 1380 424761807
1055 1929 533549578
1377 2285 485716746
2635 2738 678166076
201 383 697424526
1824 2647 824142692
1445 2526 180516755
2925 2983 758778531
1115 2820 229022479
872 1887 102842020
2917 2921 670133325
2166 2539 850782505
134 2942 864018905
2007 2952 17280790
2970 2979 399189772
288 1539 646146192
926 1194 288067187
1244 1298 459628376
1957 2027 752577614
1325 2564 225743819
2680 2822 292277240
938 1811 327247388
1582 2592 729213932
1042 1536 797220334
1556 2791 170558350
774 782 829848278
1176 2817 16549265
1249 1708 812499343
805 2627 642138908
1668 1718 940624040
94 1706 825761369
555 945 387921469
2022 2903 80762982
897 1032 451393141
768 2035 980642690
721 2060 818195114
638 1601 572110035
998 2722 958823233
603 2255 968572360
999 1169 977430948
1281 2777 155368988
2265 2545 667739547
1410 1685 526227017
419 2098 786371046
202 434 294268708
1775 2029 352002552
1091 2867 452242247
2020 2622 905380578
1148 1215 835409640
2192 2649 713014844
2116 2662 475705800
1748 1930 173797687
1477 2257 439495420
1244 2097 33949992
1699 1725 339088182
1930 2796 277763938
844 2086 260462459
2976 2999 582961824
433 2918 607823472
986 1084 413457485
1933 2598 245107058
100 1706 799072004
215 2054 53138611
2790 2868 571030552
819 854 330402020
687 1008 430203636
682 1048 876602043
45 2379 120165028
2751 2839 656810439
2279 2675 294154917
2898 2939 730698589
2243 2696 842553794
842 1938 421998645
1807 2038 77992171
460 2655 35624284
2628 2923 429417917
1451 2977 672330405
291 529 529912152
2789 2981 115992388
1009 2914 90413249
2682 2958 190708831
435 2153 476647734
1876 2915 9083243
2001 2170 906359410
1678 1852 755462256
1993 2291 548113942
1839 2417 978670965
2066 2605 745777853
399 668 563189025
2037 2634 591796567
978 2784 953090019
1629 2589 447822438
2686 2952 629547706
6 2772 910649199
1213 1652 612338189
1291 2869 630006594
797 1647 9608468
2018 2850 185220317
492 516 788073330
2236 2548 11861163
1128 1590 215464640
2252 2791 136092960
1396 2501 104528092
2602 2625 8526318
2625 2651 792918904
2772 2906 361782925
1821 2435 448670365
2704 2795 582133572
1295 2230 475235253
2403 2938 527392750
1748 2117 931719302
1800 2536 576506370
524 1272 781008202
1364 2978 558872143
662 1881 616097398
1047 1143 598156604
1355 2720 381281832
160 2020 286997465
2555 2822 560418869
354 754 773174841
1796 2725 754659557
44 1705 396286605
587 770 488499005
375 1015 244728366
2955 2966 82290872
258 1412 688841793
1220 2203 282960683
2433 2535 987998626
2259 2874 566785380
1802 1949 868390983
778 2893 197897954
956 2042 794768928
922 1883 683319486
1318 1541 821517259
571 2825 420934551
970 1870 953197264
3 95 271062124
450 2317 35681343
2142 2658 290974927
2986 2994 811664185
1188 2173 904869160
1503 2932 764217017
291 2903 412335323
689 2376 652399683
230 1877 671681581
35 2576 261979682
524 2204 471330799
410 1684 674576101
101 595 653147036
2616 2857 671121
1893 1949 358165784
2586 2722 239091444
2256 2962 191671744
950 2742 260395382
75 2893 40983548
2975 2978 124610802
1321 2244 210262178
570 1180 379265044
2115 2894 329420013
2524 2574 621039033
2076 2744 402008503
1997 2243 548288353
1521 2959 363555383
2245 2486 144207663
2611 2962 601961977
2560 2725 924188924
1312 1650 525852425
2227 2427 904836759
457 2024 467520193
2462 2981 577926387
1143 1743 204496598
1276 1808 848621021
70 236 127724937
2918 3000 876454848
1951 2445 500291944
1732 2715 882445573
2425 2616 277022204
169 493 888078458
1558 1870 485630161
1826 1978 428059545
111 2827 999491895
1188 2602 398233780
1968 2054 278809391
2529 2752 123623406
1636 2467 736160946
526 1756 590494398
600 664 610302461
595 1679 612816409
1167 1243 107397695
12 1161 647563343
177 1578 971623701
744 1645 331343509
2552 2966 816757682
1173 2916 781012075
594 1624 934951905
481 2154 460942242
1528 2630 611351401
1093 2325 617299205
2469 2640 713960504
497 632 331761745
572 1238 297951567
129 584 788526336
934 1754 959864983
1850 2942 397565561
594 1314 119923191
1698 2903 418468807
1468 2187 377412172
288 2861 138182089
170 949 279485210
1574 2869 822946630
1174 1218 243511823
1109 1377 999174273
702 778 286090634
1271 1859 41779830
131 1936 218863156
901 1952 946538210
1698 1928 53765220
1667 2250 334058330
1995 2471 647426859
1564 2076 91598624
609 2021 516963502
2739 2944 896145837
1794 2687 64657399
2639 2679 712325472
762 1434 108041872
2638 2669 358400677
1190 2681 429338346
2668 2991 73659340
741 768 32571244
1864 1945 342779197
2923 2930 458791325
2262 2711 254010959
1651 2626 850429738
2435 2965 795324011
2251 2455 216343127
615 1314 23917939
1808 2264 795712904
766 1879 482198372
642 2914 75458346
596 2167 483535475
2992 2995 476141451
721 2232 610599682
1374 1553 388390262
843 1166 311740538
2150 2381 840143313
138 1001 91958904
258 749 149607003
633 2080 232901452
363 1471 449862801
855 2075 158616780
297 830 404638990
2287 2644 681264124
880 1436 977096620
1500 2910 944238836
2342 2641 527296696
1267 1763 183325371
1233 1656 469558726
1773 2217 884922727
870 2906 506027776
1411 2980 761552730
2254 2525 291357695
2418 2816 94804966
2996 3000 312947743
171 1705 643705944
1293 2718 55161752
2735 2823 624037453
43 2556 321930575
93 1928 379870829
2344 2734 122917870
605 820 434829492
2554 2707 360848930
2684 2773 532606594
2257 2346 625055378
1252 1753 282625221
1596 1882 735258541
1972 2235 498819848
2308 2905 413403623
2189 2624 825927054
2364 2776 561075028
682 2808 31739840
2916 2923 987802205
290 2786 954187063
2930 2978 876429401
1574 2171 464589495
2424 2439 785201227
1812 2041 620222085
2144 2947 545558704
685 2624 112229587
2558 2689 288668634
1376 1758 532908476
2387 2948 657686464
2896 2910 676919652
2945 2956 839184715
281 502 348787867
2585 2772 296668680
1749 1867 656335159
2791 2900 390380448
2476 2776 33796954
1974 2623 423705440
2845 2915 742839721
1048 2038 673760339
823 2322 112770967
1453 2031 782528570
329 1942 902345362
2830 2902 995191286
1588 1699 861856689
2215 2612 762759462
987 2233 480490570
851 1717 966284359
1958 2113 424672278
2086 2283 416018746
666 1794 392831781
225 1370 207099629
2135 2803 726081382
2008 2891 115636086
1832 2845 839508128
1098 1311 683512189
2317 2609 809403576
2800 2829 48449780
2223 2917 663655155
2500 2685 523328080
440 1849 796462339
2232 2381 849706783
2823 2851 198951442
2027 2554 186704816
1857 2185 230661568
27 2967 75720097
819 1796 455234846
196 744 624079956
1302 2883 755723656
2991 2998 950137362
1561 1897 32066626
902 2931 485684740
2816 2948 585283425
615 2024 190459888
2388 2898 388779408
39 1733 645480390
2088 2949 545888389
2575 2871 875798226
1464 1720 184354773
2028 2394 792796171
1992 2282 507569139
1277 2084 449731711
194 2783 684974869
2493 2905 895761942
2424 2990 621955298
1735 2089 723999063
1125 1486 163192519
2570 2994 732297945
1166 2975 405488203
1692 1994 453282942
625 2570 477992697
1198 2219 824457027
2299 2830 856562071
2497 2993 133030250
75 311 652888447
1262 1623 953316691
108 886 422565279
936 1818 233004601
988 1809 167919075
2638 2981 997176149
1768 1995 495824438
33 225 345787029
1385 2941 64886594
1866 2169 236364661
231 2135 990496513
257 901 432130550
2070 2516 318046857
2201 2996 942919281
2292 2588 662028511
1820 2566 971254656
398 1470 972302562
2298 2348 275712267
2737 2799 964349340
2723 2893 575354870
647 1494 785631117
390 1617 151069084
1821 1905 441954056
1474 2136 767547751
113 1717 49176564
2873 2901 746316140
255 2683 818651371
1245 2199 390557636
2266 2890 269855524
1948 2681 219718481
2055 2392 15991984
775 2021 756540713
2456 2979 353011629
266 515 71876197
2841 2950 903584942
1817 2495 351148635
776 1468 946048310
1557 2724 473610819
246 2821 492293913
587 2936 316893588
1359 2911 106495699
2116 2808 74212593
588 2404 421196473
1616 1976 734044042
1519 1705 548732695
2449 2530 523629747
2983 2999 963805531
1859 1888 406116368
2039 2471 781842476
694 1984 221189708
2604 2787 726901013
125 1968 926810491
234 1922 483673409
2664 2952 740449301
2982 2997 394645164
683 1367 12255723
708 2654 444517919
831 1098 175346182
2033 2602 86416348
565 2864 126554550
1259 1595 330646236
2409 2931 524179678
2003 2708 398906161
226 2218 609668992
1878 2949 791874472
2115 2386 862878747
1311 1339 936967486
2856 2996 810583446
1095 2713 699611563
2958 2982 689348370
2019 2703 715368154
2261 2810 799625059
2729 2993 680154094
2164 2413 125131511
859 1415 450248338
72 1618 750794262
1177 2790 785864193
2439 2678 943402109
2155 2488 509834973
239 1991 387602442
56 1036 779265227
2034 2436 152972210
144 2465 841984762
1582 2914 557775454
1383 1873 602600655
997 1284 56109867
145 1095 808265533
2231 2628 677441137
1504 1952 836040473
1411 2480 735104310
2492 2602 748436461
1605 1983 895643380
1466 2203 875356089
367 2478 873915006
1352 2658 899357694
1414 2012 39985506
2691 2791 72185984
1118 2302 864798256
1941 2508 584311435
2702 2761 140754504
820 1028 179327481
2756 2808 115500128
389 544 386346506
1552 1840 330281411
2643 2940 384585545
1579 2907 411615009
2754 2976 618928758
2662 2982 750229185
1574 1957 405604507
2110 2743 390497885
2005 2193 282021324
2889 2944 826354315
493 1083 374207689
2586 2909 328090194
1201 1410 945437222
2241 2250 151133776
1441 2570 434454355
1835 2632 130296965
1264 1603 165479505
532 2671 512645398
1004 1911 388346388
2263 2395 895934740
1809 1922 974248279
2496 2967 370671564
2078 2254 481898646
1554 1652 425927202
2675 2915 55566773
658 1353 827463387
1355 2141 484885303
2898 2991 480666071
96 2155 853017549
1865 2970 709693813
479 1188 536988510
1372 2440 748881627
1798 2064 545497841
358 2485 148120078
2314 2867 601599233
1131 2809 949911922
1664 2380 845448779
365 2444 993484557
1087 1566 203183002
942 2941 849674313
2631 2645 814676380
288 2984 634833095
2913 2970 459597705
62 492 878358968
1029 2046 419856249
2814 2900 677984543
1632 1921 338693894
1380 1901 965565857
2492 2748 634062225
18 2008 350865260
1379 2890 523412343
891 1942 966844213
745 984 771529293
2278 2375 184717307
400 1198 652385443
1452 1656 213704763
1070 1380 665468603
1898 2341 436261413
376 1598 405507744
1454 2139 677896909
2174 2236 895017948
920 1386 866450319
1936 2389 622865652
2895 2964 712492174
1855 1879 957247694
2306 2797 546127773
335 1626 819862514
2150 2259 937157574
2552 2560 646148570
1305 2448 896110664
1043 1324 708787055
1117 2496 877688372
372 2639 844148055
1207 2724 440589411
1933 2982 205779946
1753 2537 403459029
13 39 719057450
2604 2934 595430978
707 1610 232825595
1760 2002 118289331
87 1818 698491025
2169 2699 971150093
2508 2917 269306338
1664 2492 369493269
1272 1427 605165929
726 1558 41526500
2244 2636 367315931
1493 2866 385917276
1282 2242 295584931
71 1484 366100706
2724 2788 95147799
756 1721 987403295
1949 2091 177211756
2423 2754 871341427
2272 2674 69987675
260 2066 882719066
324 1143 512030059
731 2614 933911461
2230 2606 153138814
882 1867 762487446
494 636 53797180
2325 2395 12099335
763 2054 445960018
1506 2576 513189082
2263 2534 749902032
775 2618 423901900
2388 2895 847616450
1926 2340 616961969
2346 2895 834884655
1462 2179 137807552
170 433 473007768
1925 2116 962525926
563 1912 27687567
657 1659 121593217
2788 2789 223039947
2188 2328 704849250
1019 2408 104582955
1263 1884 777283598
932 1834 364390327
1833 2807 527771711
172 1234 896256951
743 832 863143954
998 1542 338482505
1333 2036 544939315
256 2764 403226410
844 2158 483855412
1709 2739 634676635
2315 2444 761839628
2806 2850 333429778
547 2287 293871293
1291 1682 509979722
2781 2878 285567570
1314 2410 449639423
297 1743 76780648
178 700 983445195
956 1697 967647283
356 2751 169864719
647 2070 594902095
2827 2909 672807776
2260 2437 903475413
1006 1977 331481189
2350 2747 794958836
332 2300 865958379
558 1100 563111153
2513 2912 737669713
1756 2736 478583216
346 2738 879841781
2365 2406 115104657
1227 2231 88309580
771 1565 5083921
2402 2962 578540789
2103 2298 957114276
2209 2582 950765824
475 2005 529458794
805 1517 18755276
760 2948 751103456
1744 2497 198165917
2418 2777 272045579
119 847 518564797
2352 2503 436929044
2683 2713 627611131
2346 2732 81577281
895 1387 766226106
561 763 525681566
999 2461 280745078
1175 1479 433602872
1315 2307 888460354
879 2296 79951029
2729 2876 242666920
1404 1501 306855565
2281 2458 995742263
1297 2220 340685413
2345 2390 214210262
249 859 443228907
116 1928 795421893
2355 2573 398964070
561 637 704889177
790 1228 386008377
2679 2936 101403177
2931 2989 676852402
402 1586 642138119
345 1101 100907778
671 715 147137931
2040 2667 955920175
2955 2986 438852376
821 1380 272453957
1983 2659 538593027
2696 2961 608595143
106 114 566803295
1972 2689 67409511
1574 1735 620693637
783 1913 320977150
2204 2294 508433554
1810 1839 903862036
1713 1835 153541127
1450 2160 886360
1620 1667 16361402
72 2303 719308727
935 1054 417255996
2520 2647 240505470
426 1527 852412257
1404 1843 245948382
318 2204 699121493
235 2803 836398451
473 1495 107023699
1632 2347 86420856
2442 2643 664210134
2728 2906 299554528
1947 2122 769707288
2522 2813 744667685
1927 1990 39876581
2382 2443 794816092
711 1881 270143658
2840 2963 844912621
1472 2551 109763694
1629 2785 549173678
2039 2483 250582788
2236 2665 384640075
1723 1908 728023088
377 2755 660650970
2494 2545 111964271
2537 2549 839859137
469 1004 821829067
2631 2653 20406020
2167 2433 116449938
1443 1613 42758927
152 865 973838022
2086 2647 763003490
2390 2614 437779500
2996 2998 749987646
2531 2666 520568002
1414 1961 539597917
782 1416 615243555
1143 2871 681456883
2927 2971 154302179
119 2019 535599244
728 1753 112676440
2692 2887 291158447
343 2081 85762501
1519 1777 680278023
2775 2899 763487669
24 2521 233037287
504 1975 709024955
2195 2799 43012508
1685 1858 660768492
2621 2941 787888145
1613 1674 13749348
1971 2458 591122920
1025 1388 47682474
2621 2829 765888648
2040 2367 776125688
339 2077 383451178
2638 2686 106623165
1609 1655 386552255
2329 2654 166299753
904 1879 936671417
2378 2486 489458644
1950 2735 365754013
692 1683 413426584
1964 1983 497177873
2914 2933 918205811
188 2847 554085497
2407 2810 422325563
2872 2997 927311186
2116 2531 45916313
2415 2572 707432483
923 2653 447989368
1122 2240 634424610
1679 2027 814087494
416 1383 120894887
2362 2647 586186105
2413 2882 153084479
1560 2610 874202867
562 1055 901644447
1342 1681 165874825
347 1386 13813082
2200 2404 133182189
981 2240 323895625
55 125 253217866
1814 1824 724950000
2090 2497 236819868
446 2335 69949315
219 2032 241884633
2572 2898 927494643
677 990 593352326
2099 2299 916261489
1091 1591 985169378
1084 2094 404055872
2827 2868 46123898
2546 2943 709232744
1410 2117 279068495
948 1500 692090216
347 1604 125791177
2302 2814 861748149
310 1700 400492572
507 2352 631193644
663 2890 98206634
1875 2469 603721164
1565 1789 563995212
2306 2356 902102812
1699 2630 314509807
2781 2992 896242736
2694 2816 594647441
1877 2996 264243280
1466 2597 94682249
2597 2754 382668483
1982 2454 644204466
545 697 358962704
914 2395 859574850
2866 2975 555845664
997 2818 20979748
2471 2640 498983074
1218 2740 540354863
1209 1823 917889311
1592 2143 411493010
1269 2117 113085687
355 2278 319447916
777 2842 622999060
2710 2721 368062739
969 1443 910892786
519 1618 413632285
2809 2867 110994019
300 584 395304317
605 1280 529443942
414 1672 612600443
20 2365 946344467
2200 2619 370602393
1376 1750 37742035
2406 2730 407222319
89 1317 103096846
2824 2939 871914829
191 1447 513343697
122 625 21045630
231 2542 196785630
1346 2723 635325719
1103 2884 954414664
2279 2997 265651539
1486 1499 886906416
1325 2161 259603866
2156 2745 282433695
257 969 281315988
2320 2827 324480745
818 2660 361770431
2298 2371 627955890
1513 2610 686344728
561 1844 101130225
1071 1776 422431577
640 1966 981598050
572 2982 507718128
344 1819 740690644
10 2204 285776854
1343 2411 460538850
428 1509 434772124
625 804 792960543
2112 2789 64532773
1117 2796 4300965
2951 2986 124362826
2729 2861 927984382
223 558 272648990
1221 2216 565851313
2290 2475 783680014
2712 2997 624674386
416 2493 956650884
268 1417 295291475
1788 2861 280043068
1121 2143 444681447
775 796 316957883
1230 1962 648730784
784 1597 761511241
1137 2270 524602094
417 561 316372924
425 1856 212255743
1668 1973 28434355
2894 2983 539049528
2718 2906 40418356
65 283 662632117
992 2903 930427329
311 786 806232202
2660 2706 942943391
795 2156 119659257
512 1246 352754689
1107 2947 447265276
1471 2268 996384823
908 1849 399075894
1827 2135 261817593
967 1920 555242257
524 1917 832401575
2185 2433 615387781
525 2029 64186411
1490 2068 223895003
961 2471 760440583
2396 2980 505546679
525 2453 376533310
509 2729 882241112
2894 2936 295559148
1312 2808 490234501
20 1381 853354765
2728 2776 156320349
2589 2605 223855880
304 1700 669890671
1692 2760 691674523
1460 1888 80025214
417 1712 524045710
2325 2726 332364390
592 1433 223932326
483 2197 866805514
2302 2967 130255190
85 1967 724370527
2083 2598 629918045
838 1874 900854754
484 2745 389168031
944 1173 316272277
2628 2929 187107015
2505 2844 922534628
1737 2273 41874897
2158 2234 458114156
1686 1766 547872573
1114 1412 483764651
1729 1872 193487095
714 2308 175834973
2968 2994 55690725
2861 2996 576376751
1916 2814 540390559
301 2191 944441806
136 1244 595902071
2072 2562 114770916
1074 2135 412068442
2092 2710 863740131
2881 2984 294572468
1460 2485 735261958
48 1027 202930137
2946 2992 676470746
2762 2996 478221814
922 954 90754812
1552 1845 721916199
160 1978 270828349
513 2610 619129152
2023 2589 760092819
1337 2739 321876473
2300 2357 296566550
1182 2640 605177003
2172 2894 981976887
2776 2851 945509774
779 2393 640689350
488 2178 974744386
1667 2612 949922978
1666 1956 434930424
2922 2973 753159695
500 2757 645441817
1090 2317 217342876
2354 2902 725852330
2275 2648 861952820
668 1892 967887096
350 2487 399342347
1353 2167 285920713
2845 2979 922223389
1196 2489 781875326
1403 1413 993966050
1374 2299 264999761
1434 1566 551332874
1773 1891 75162675
1893 2451 596216360
2615 2795 142911356
1317 2792 144958123
438 2711 467166455
1377 2197 655632280
2099 2479 460063334
1631 2864 158288326
1460 1636 678184760
2313 2603 159334536
893 2961 714025944
908 2544 434246033
1892 2299 80326282
861 1480 26407228
1481 2057 372488121
642 2713 213751555
2426 2753 964237809
497 1400 824300631
102 2492 968572833
2968 2973 579140594
572 1534 351116965
859 1205 526943810
1865 2555 291587340
601 1451 462260035
2100 2575 267753121
2653 2788 331195538
1983 2232 995727285
1529 2868 657053883
2078 2861 688709392
1766 2874 263511129
493 1394 480598147
1377 1416 743797792
2382 2495 728675663
2330 2925 82535392
2469 2973 786772462
678 1977 773014874
306 1558 35506057
758 1006 779049759
1645 2733 888355270
414 765 609947633
1374 1407 999364010
1835 1851 132126958
889 2820 816123227
424 465 229205308
2325 2524 751120878
1108 2703 136009686
350 2951 630747288
1577 2983 348064194
523 1916 278515777
436 1242 338940093
659 1353 672884258
262 2175 11525470
2630 2988 609274512
1436 2713 464474550
228 1231 46991438
595 1704 283633030
748 2839 834025264
2888 2988 889489392
2319 2779 951065163
1736 1803 515110057
575 837 959552665
868 2249 180422506
2585 2706 710537007
25 2340 577117275
328 1288 165953483
2671 2747 479142068
2979 2987 890017105
1828 2401 576110524
1418 2303 300552831
2287 2957 863161807
2681 2735 399307678
1220 2914 946898310
2867 2903 676954861
1385 2453 490766138
602 1578 743364411
1711 1894 310427555
2105 2414 717546311
1324 2809 525686039
2205 2263 672400023
1355 2558 984436101
2863 2923 388366535
966 2229 213285536
335 2316 826506354
2458 2901 38388963
2163 2673 583654931
2455 2708 627152525
907 2715 959779371
1228 2795 126328509
2074 2794 419649230
1261 1477 721860768
13 886 292883878
42 1742 184963491
916 2867 358483837
2328 2434 226518995
1975 2502 745935506
2148 2957 2910004
2302 2879 282991183
505 821 997904822
2475 2798 205670887
1141 1712 26033916
2266 2623 705917199
217 2662 736537838
2472 2823 448832506
1065 2821 352386228
2498 2945 275218807
1569 2859 722619676
2384 2679 779471357
1305 2205 433637722
2864 2897 149150949
1153 2918 575616933
2549 2680 838082419
1719 2138 404252465
2448 2576 789795176
1062 2777 229943963
2984 2991 307742354
1946 2858 943992383
1982 2957 728673782
339 2812 262565373
99 2050 352755748
1127 2986 56655762
2778 2797 483798326
1310 2762 463931662
2268 2339 566483250
1828 1865 235660829
409 664 697089244
2638 2640 367020315
1867 2476 302514926
368 1047 602861881
52 606 173545131
1890 2213 530054177
2763 2837 872354392
2440 2804 875676376
102 122 55024402
2142 2432 385719849
2241 2846 855585053
458 2115 59112701
2710 2968 888871486
1181 1348 834480201
225 1251 330174387
205 1038 682100012
184 709 210622841
132 2812 711455710
1235 2554 475236396
1959 2982 602380050
554 1650 68370426
2549 2962 49682602
475 2033 393747959
1949 2645 292106611
494 801 71148090
1280 1329 41037413
2171 2548 139759853
1743 2206 812098767
1252 2526 328206231
836 2549 604943592
959 2289 167658025
1433 2952 824357731
1460 1564 449113212
2078 2523 148561642
995 1835 563331314
1651 2792 453017799
1047 1126 8967164
2857 2941 342026963
2987 3000 118505992
435 2238 398600436
1256 2667 293170987
41 1087 739274366
2120 2454 770228402
2388 2608 44390132
2461 2737 536812739
1015 1210 78440040
1214 2198 626157656
2735 2986 157808880
1630 2243 996573160
2357 2950 147399787
2403 2469 377666988
609 2510 508385048
1950 2648 762700321
1065 1100 939585348
1105 2487 624444580
2897 2924 633491629
1441 2677 657016374
1271 1925 315590398
435 1666 460207235
28 1345 624630219
391 1509 644751309
893 2293 74402766
1334 1964 689543623
366 1130 551606686
682 1396 614686184
2772 2959 42707853
1603 2029 299394690
2856 2959 110084407
2621 2744 251587896
681 1435 600321294
470 1301 915749010
1335 2967 244019265
2587 2952 276930093
1290 2694 571957797
1017 1079 81300553
619 1918 338081611
1029 1362 433209106
1769 2712 823877369
2746 2890 944506764
780 1180 161259474
2386 2548 629056277
2197 2865 299962667
1833 1997 268286335
2318 2823 88541497
2361 2926 82101035
2608 2785 382025268
2438 2850 3412648
1365 2550 782659411
117 2594 575757505
1249 2699 489045151
73 2246 331191425
348 1158 231292944
763 2247 944482994
252 1177 253207112
521 1548 911575326
740 2335 625752244
401 552 223279322
2800 2900 917015729
1358 1728 918274695
2732 2826 896956640
2576 2898 224945976
2629 2813 699296758
1710 2004 95351220
773 884 591388792
324 2316 883268292
1563 1624 384949772
2463 2759 167090649
2501 2944 595860392
1883 2330 265493022
2753 2790 400256836
345 1953 700002706
1483 2925 11213820
119 2386 13972342
2152 2338 207463063
2384 2615 539282369
1380 2903 963020998
489 1715 463352415
2064 2420 220500149
1870 2156 711353416
259 2805 186138678
627 2349 714488846
1989 2136 118856951
2413 2855 76708719
2412 2640 268258002
298 2907 211448359
599 2191 771052531
979 2733 866199053
1002 2134 836785986
46 1349 511696027
2240 2320 988008078
938 2053 635686219
2927 2957 902369095
1839 2962 558343807
748 2122 730456665
435 2362 579844665
2516 2581 700391500
50 2642 25434103
1646 2029 156118960
155 169 5513987
290 1452 186071014
2944 2961 248218891
602 1137 759173158
1309 1368 215444861
19 479 585981895
963 2062 796558022
1575 2602 590984347
1630 2332 755239265
2149 2266 378029690
1496 1508 327420922
292 2856 345013330
2689 2942 274172017
313 972 793135025
1372 2459 882718047
2239 2968 886816913
1354 2598 277765172
944 1503 497923596
1220 2448 905633695
140 2735 690729850
2208 2747 504464542
1328 1652 231093204
839 890 151671217
2809 2917 19119929
1768 1945 161050359
1403 2196 897740311
401 2230 831837096
235 393 912585967
2405 2681 753086641
1176 2663 408918013
1054 2832 563166821
1324 2698 521268748
2781 2982 850623653
965 2372 566998880
131 1742 752418117
2365 2877 801182483
2929 2958 451587294
2416 2816 162496467
2836 2880 296935105
1620 2361 214234797
1555 2983 310737205
300 1303 250731457
2983 2994 275890258
2103 2312 844165856
681 1354 930123683
555 1244 255336666
315 1305 703838076
1600 2968 462634345
2452 2854 785385111
2711 2821 581952416
2516 2663 289134752
2109 2980 242386706
833 2713 574337015
2775 2911 246572694
827 1881 805696455
2496 2783 450547780
2339 2657 956289164
2283 2837 254863691
924 1121 433569430
847 2408 164840494
2437 2734 823731302
847 1610 741509588
259 2872 822098828
2682 2717 663348486
1404 2774 854566371
2412 2948 807549497
546 573 193870080
829 1307 753158112
2185 2897 429021899
173 2740 44767489
1064 1942 157353289
2116 2411 950084943
619 726 994812053
2330 2732 796894099
2235 2629 185906713
1142 2841 207606636
2877 2998 658700095
1690 2675 860332431
856 1463 955755961
1126 2411 404300894
2633 2900 46121876
1441 2505 394378888
1924 2103 40250852
1069 2955 576343771
2009 2717 339071005
2115 2942 650449133
1283 2828 890230413
2556 2647 811854816
2865 2925 997674785
1890 2786 509521469
2690 2877 560064230
264 370 32791825
1613 2903 308089396
1356 1625 153629234
2422 2494 84254918
680 1440 201740828
74 881 989339011
860 1062 175076952
154 2277 561852441
1605 2591 856666030
2561 2874 600063499
198 2369 843854013
1061 2876 385389951
1341 2288 727251340
1987 2388 130452252
2009 2664 210697083
1665 2863 124625981
954 2423 800883970
961 1469 58919101
2840 2914 739393691
2935 2959 980162079
707 1988 798685110
2624 2828 348772114
726 1103 271095134
2338 2863 837304560
864 2954 30477357
2714 2893 824231480
42 1745 482626132
326 1699 736030190
2006 2363 796440417
1700 1726 318420197
1458 2593 165679553
958 1837 585805263
2408 2534 900562993
1313 2044 170969769
1028 1994 682425221
1857 2113 56553545
1996 2550 607977391
920 2917 774959238
1265 2822 669957374
1547 2673 957814508
848 2069 230726272
156 1934 247614385
1799 2897 834854357
803 2248 281365327
241 2000 86222653
1217 2049 769040335
1866 2718 814378283
563 2428 775346024
2211 2825 369711624
1783 2187 932625934
2314 2445 680858375
1953 2666 510293269
204 694 357149186
2482 2685 808413359
22 173 542988838
1734 1895 294786764
2856 2894 463610928
2020 2359 748717937
552 748 766693981
1766 2302 671383063
1228 1260 952015570
2937 2975 755891035
1615 2986 399827615
1440 1442 603526723
116 137 855063790
1783 1972 607928465
641 1090 186169546
455 2854 460531514
962 1059 606703484
2053 2357 287444055
130 2019 400490562
1202 1696 531859866
1555 1896 162235701
1929 2675 834141763
1662 2675 257501072
550 1825 138928356
2312 2461 614358354
2688 2887 505703047
2257 2514 112631201
249 657 325284303
397 1892 195680988
2000 2427 763185201
1767 1776 730436206
143 2989 727398743
2043 2411 84314081
2456 2912 322628463
2300 2303 131774795
689 1525 205853279
2932 2950 618747587
2967 2992 43554205
383 1530 623867063
2829 2933 95477769
1247 1408 330783454
2408 2870 536235228
184 2577 190096441
159 716 483016486
1314 1936 2683524
347 2649 941269882
304 2520 536320413
1798 1875 639415469
2602 2683 342269255
2752 2853 951607434
2332 2895 340505680
1440 2604 742196669
430 2456 127454113
2317 2599 974173777
2672 2990 412022866
1847 2080 200480622
2399 2509 457615330
1766 1813 683657550
999 2412 65376720
944 981 736124270
96 202 603491853
2297 2943 205863302
1440 2167 353061706
1907 2491 677152466
818 2389 388207593
1244 1335 642347249
2274 2764 209065026
2328 2409 191469649
363 641 464567525
2292 2969 913728817
1591 1680 368159873
2420 2524 517244810
129 775 467023221
89 835 840678338
2280 2393 542329057
2625 2644 260593932
659 1971 662415224
2283 2871 49032635
1525 2603 129420341
1910 2214 762725814
936 2277 726198958
833 2740 527864963
2044 2752 560656799
348 602 884204097
432 790 723091845
504 593 545960247
1115 2945 969487158
2979 2993 359723977
2031 2406 394366931
2329 2860 543192720
534 718 566421133
2478 2613 455252100
1703 2999 781229144
1257 2191 248742189
1232 1431 912767987
652 2744 812177044
1004 1477 630832143
2161 2640 889850939
167 2318 789806398
469 886 410053772
1157 1612 68270884
1201 1585 359502418
1825 2029 843497144
2397 2402 442630021
2146 2515 394897116
2817 2877 383631281
2364 2891 328036943
379 2475 184633560
1883 2715 564270887
1716 2267 803402794
2723 2937 319836684
2231 2810 188031230
2354 2881 79485858
1143 2284 560773664
815 1671 763849032
1667 2326 671532657
514 1671 998516005
1568 1604 320802148
918 2407 501052498
1638 2141 313525156
1463 2689 75317935
316 2253 712793176
2897 2945 141211506
2621 2713 88518553
743 1310 703228178
1696 2378 113312642
1988 2049 430760148
2143 2313 166042330
1751 2338 538916990
2058 2093 138153005
227 1617 21647671
2103 2634 919811885
2393 2749 50771353
937 1974 424620450
2146 2672 827401474
966 2325 617196306
269 650 223107115
2713 2733 48504101
1698 1992 356011952
1857 2726 366224435
1699 2055 589676
852 2750 482305874
2235 2592 406062541
602 2696 839514895
1222 2166 129257360
643 2448 994809383
2695 2830 332056615
772 2846 249423446
842 1341 386635836
246 652 635010895
1 2717 188210525
752 1205 190546501
2944 2992 978655813
1499 2878 744780705
1456 2379 188035885
1326 2123 806044035
2554 2723 114560570
536 2813 281953693
2691 2960 576994409
2472 2544 148860742
2585 2670 191487586
2715 2954 48408955
2819 2940 612662302
338 1780 230980926
1573 2705 712040671
1085 2184 491465673
2237 2753 421481030
1142 1426 479509331
2328 2963 681221786
245 1067 921609310
2962 2978 440574188
314 2219 884979888
357 433 62483075
2954 2992 369651445
2292 2497 426015715
1774 2526 442075034
1668 2653 278542942
1270 1307 441911453
2523 2937 846730966
43 2597 838704903
1219 1882 9794148
1856 2667 497569338
642 1681 999292173
1510 1704 831895586
522 1162 280942973
1263 2423 53665675
2020 2279 892654762
2978 2991 842843566
1892 2367 817088630
2678 2681 719282084
568 1521 833667625
1503 2804 433288203
620 664 476427746
659 1836 633050816
116 665 294546568
2644 2717 110119674
2675 2956 739033595
2830 2967 923570837
2327 2546 137910199
564 717 310441257
2166 2259 834969039
1395 2844 765527597
2871 2926 588504465
2007 2159 559858367
1617 2924 493685497
1736 1880 109136329
2701 2875 274413757
2734 2875 27070976
2520 2851 954556337
1321 2291 339479105
1160 2252 474024977
1374 2952 625275293
2164 2748 240838330
1509 2559 286579077
1097 2254 102537473
1024 1971 612063685
1987 2086 781209049
2167 2868 499220493
2415 2736 442029970
722 1656 543455444
945 2528 492634985
1286 1870 19398604
224 537 703381805
2528 2915 781191389
2928 2936 421881168
1652 2720 249749996
403 1201 288328975
549 1603 151271288
619 2417 535792147
2790 2941 765547777
741 903 147237916
498 2558 846852338
2753 2871 172746053
1338 2692 309163807
2928 2948 449880299
1232 2646 91605990
688 2296 739724647
2140 2354 117779232
1014 2805 94707426
1745 2777 691508870
587 2556 867247351
1068 1772 610109359
1826 2098 588102925
1021 1478 572343084
668 1769 395238718
290 2347 50899857
1760 2497 797975271
2753 2930 942280186
2608 2759 11351585
1963 2828 92977619
2885 2951 265787055
1464 2457 419178987
2343 2356 283884852
372 1144 152526606
2350 2768 966112650
1422 2857 37801400
877 2734 867740773
63 2251 533555503
162 2985 225855370
2177 2927 941501831
1323 2959 624114970
1314 1991 797378367
2232 2919 858002757
2260 2919 180090768
1167 2630 878800713
394 796 702621766
712 1021 725012269
2894 2985 531575228
1711 2094 341892470
2647 2681 375640832
919 2444 657038262
930 2934 283491737
2676 2777 974655343
2616 2898 878677818
664 939 29290872
444 2305 388001196
1268 1530 544222636
2411 2956 917211152
2645 2925 948723862
612 2315 411324864
1228 2405 441480989
1764 2898 537434320
2357 2761 909443574
75 612 283011179
470 2092 191853252
2489 2639 499285608
432 697 367990922
565 2920 642179509
422 2636 157548410
2125 2645 926605926
481 2272 743175574
338 573 254352992
2225 2955 158035434
