29212973
7375530
9298095
22122360
89857647
29095354
20099302
5508715
19547407
71007299
43958490
7772477
14164360
1588467
1509675
29017401
39963395
86597002
56046688
8639519
54580246
16671801
8647554
103962345
986656
36356887
26197093
71432574
50805798
95024359
59101775
48421570
124550984
76966306
109593711
119498223
6969546
301253
19929599
26340147
30454021
54599999
66200420
40680084
72367839
71637703
15501119
11857804
20928702
14488109
17700051
106184608
40379669
94016447
41195580
96617345
33057481
1125171
13308039
56998579
43602535
71891935
33451738
64144791
50332412
23005372
97798225
63519238
64508131
12249517
74237463
6554767
102412338
29923956
74191302
22847282
103764409
52336223
21878024
2790476
6809859
13084403
47682561
68131356
13669508
47370693
18642269
29304661
22986384
17959612
1553066
22940912
62214810
68156622
23915281
29565716
35189372
7372976
3110962
9286943
54755723
86210141
36698704
16218806
11248737
34909086
45041642
46454809
17708402
7567528
14146213
53155582
48867406
59956133
8610549
50030653
2554215
36788335
8214940
38790130
98398349
3246945
34262001
43055118
106481847
11914196
57748849
13510427
101975845
16576253
1278680
8404865
50232437
44337474
65687851
11285333
31203472
28881356
36184199
39274276
52406299
81161647
112203525
96235446
68365631
40968991
27457709
87328646
90048966
48459097
64355928
22716739
89164518
88304310
654717
49418584
17693256
51702741
9050134
12126267
9045774
58282498
33614308
83908838
106343655
17947973
57421270
95490555
84732574
93773305
108962335
63692483
113729953
65130599
1238288
119671790
10166395
6080189
60325087
6651186
26536875
26829983
16051541
4407789
16776031
1433128
393456
29280622
32181712
36314656
117607153
10332001
66348320
89463206
6860812
17331417
85982461
11067494
58750340
56279581
101699532
1402250
106885417
62512086
113865090
13134486
43180333
1335758
33953310
25096083
85205279
1094326
4265217
39554195
6965652
3401513
4006176
4384115
15659828
4660554
93366605
102833687
9923680
26560633
50945379
105975219
18882706
20490994
5505792
20866915
6269296
3212011
38349779
21934268
120790058
39822565
122777481
31933635
97984200
75960395
55769741
82261115
40473265
3913174
2478223
10435231
1397975
64990495
20068705
48466766
72809561
5802089
106121207
16632090
35750030
7715664
53631499
2701318
37865854
5734167
10965535
6633941
12835117
38968966
75351818
18059586
5885702
103862073
29038187
46046903
76954588
87519
467410
32231060
6243477
22337748
6871400
28057819
54157218
94997430
18725585
20162330
2057375
95878466
76309861
55780284
8000877
27381549
2771142
5404401
82715517
38755339
26129481
7717737
2858278
105997008
23794000
37140750
26330536
21808292
63002322
25249860
72500836
68592757
428657
12828473
1021138
30889609
19250314
12402460
5629177
38888887
19622625
83214375
38613430
82614961
41000691
89073903
56763284
6696211
13290515
33740962
7484961
119031217
59573526
6605294
55041771
7871387
97709996
51293874
6634399
4565136
707496
48839032
45920865
79802609
48742681
54460560
96460387
49135669
403198
53338089
104184379
52670196
7118149
2380342
103168728
22341643
54799495
24447538
31212719
9635881
27996139
39505406
70894563
30654242
39765369
8638895
23963462
35311858
18069648
24227265
51950744
102796603
8844886
67639404
46751489
68587718
38902070
55225776
63448
59116352
36740550
84990704
65531763
31223624
59962394
77857822
50743687
4003847
92246399
55193523
116856214
72519729
33532657
293169
41420867
73103296
13335960
114930423
16560313
10699300
2110170
19849600
25170888
28202261
21992394
59010338
32886361
13122316
41131918
1172502
75930429
41272315
57042345
15609685
57964425
62929039
21094224
35758090
7192884
113493892
20959778
11387953
29879507
1063693
7763301
30121603
94075730
7279841
104946453
14953044
4127853
24162303
77070542
31665832
47764111
31707983
14269570
2110058
43681824
66575662
21447694
1720867
100543891
90866218
104218373
15769760
48352876
13567850
39018819
17420161
19241028
8522228
75915817
117602725
45608926
58835588
15338245
104836760
73217526
55156346
27034414
1954181
52796885
42255605
97598744
28039498
81516431
88847365
5323380
60917027
4242484
70304959
113846971
27131040
78460693
44327277
6659381
122465060
5149382
498494
48158317
84012711
69400437
6558565
9702648
29397385
80602043
80915701
28959585
22151726
77902445
87959449
53999253
51583699
49709700
98994741
21410155
18532755
13086231
20299724
21446705
22112391
18455240
11351212
95601214
28290353
47882816
74759065
43885332
8352537
6239459
44848778
63719677
98122948
48215104
71831093
62938609
97255453
69715937
39318903
64266486
7886248
87918462
5366668
98645917
27959095
34086302
49741124
96340427
61737398
97439900
83301755
56179315
61145615
32643752
8813318
80145890
10427611
104610600
89928743
17255777
20369421
11074910
510278
2636388
107798931
19521136
13482543
63961392
19769827
4146718
31384450
59316314
30118755
87700988
67798845
21502617
27139950
51661644
40313509
579800
80480488
93103814
21835104
39234097
81380193
13155346
18796695
33262179
107792360
98275133
943505
46152356
11356028
41659855
31683551
92729434
104877251
64577859
17518791
15430480
28164348
77270512
68823536
84650975
54511462
7909998
94079021
15691819
1123084
93012971
63561868
14076546
122932100
91028799
3875657
51209793
2515307
15232085
104376131
26217191
25717183
58031432
23730815
1645284
26609867
55073675
20150025
16839616
14185232
60586998
4670887
25545505
501177
75462199
55991483
39454775
9331663
58965509
47588354
8090104
27976879
78791525
37887415
11614117
48248437
31860424
7595103
59416280
78032858
90214573
106401921
74558129
111692140
34441178
3704986
7091363
53618512
95274669
58165371
40249398
1861256
96797608
38732211
16248390
47181653
2060728
64252146
16227
63208694
32633863
11989803
33397446
52704202
45661000
32622498
41557267
22415266
19057819
40335911
71294679
87226650
49728904
1499053
56692021
13290414
103641489
91230453
9291377
46425264
24413835
27380812
33180252
25496922
68661974
94105732
4193235
684780
82366183
3530563
98591769
15002205
483489
2542872
24230276
23004083
82474657
4920765
26341407
62613816
50464624
52384774
21902947
47237922
39062446
50430514
62536129
2090189
118204785
74389332
74175553
72242419
68209510
23430231
5184370
19824664
52955367
94225280
71304499
108239585
16072681
55558426
37669124
62433705
13985111
38133838
1475739
25740389
9132370
34739538
7240363
72649543
29596128
3132384
33214988
52230028
52670389
11480043
5903714
312766
90432284
32491557
2627622
61649637
70862831
28557554
21894572
33027813
58096560
8959128
74283101
49209389
69784152
2033053
61974042
103581031
35051678
477031
76758528
36249146
121491773
23602950
73832319
57176160
64704159
9750477
42367078
30891868
19979479
24392696
28175109
33000653
5054487
2339226
90938898
3949355
14284198
113776713
32443539
17510194
89311753
107501825
17147622
8179707
42148924
8107956
60258681
76763737
225083
47137140
48322660
44978273
104934194
75977462
23395544
24982121
64826842
79761596
23667846
19037006
60871412
32341023
17268011
10323496
38134473
22488760
48353322
89503981
41738867
67705319
76025578
67534
6127976
52528
22642212
61609885
85305968
32069598
4745133
86599334
58371531
90255896
23156895
11088910
27383491
77327753
26121303
90994838
45484520
3492780
829863
103441290
8824777
16942251
2511484
27419378
120315114
37737386
17977416
52581808
25493937
7816710
26887283
63990679
9354709
39838953
40543840
13289074
38459723
13065405
7364952
20926462
16707767
14772125
37251882
51174925
1427488
111860160
2157313
30668695
50703925
21381722
17611910
353023
1372150
3029614
42296954
112376235
5916869
54553298
58173565
117340926
57159846
51634290
35610783
2389535
17652617
14871738
18607507
53391321
27536660
104467677
16872527
8700290
26285606
32835474
8479846
4758534
106545204
96852829
42073367
15328049
19158766
8438971
46696678
66613469
52231025
13083218
14743393
39396970
106184886
48728
10170114
41834990
18717389
9811294
121544287
3350117
30090317
19800772
4939948
4026641
16756589
7005433
74067018
68807046
101420795
103806360
19068818
19593630
110624404
16861043
82519698
91369383
30328608
33304366
6974954
22264912
80177028
33214089
42655104
41982271
79810767
74246752
10446494
63055807
46693274
51415772
81924031
59210053
114558415
10516879
21772607
8045414
9518748
11830978
92126073
99096857
37558620
12405223
9716523
62700474
23320842
12406255
29437379
21513609
40041687
3038489
29383614
109534195
37912187
9176226
32370758
53719384
77291624
21192583
77639929
90542930
6827080
18172426
6134809
79610479
61573815
96296209
1991541
55108564
69522362
14588911
16316833
59869288
80380817
47379446
17185053
76505106
70708779
108046047
37594886
10589094
47477073
82069522
88713245
44690921
28895264
95247372
52479290
70529428
28916512
1036663
77299678
1886977
45583156
5409380
26489249
33966971
20882945
6621904
10143672
40053102
23084492
30363399
33804724
17211567
111153404
52565537
25134215
9696604
47465803
69526089
36649334
69328153
68337872
19520518
11234708
3566896
103233909
23469137
634407
13537991
50335972
3252694
93043751
14320849
29890192
21171862
37451001
13337244
12863740
5436373
12939227
54350949
32941470
65022595
15739777
17787948
30797284
97350291
99563347
19769766
1346377
20499042
73807521
16477240
67963942
86333137
49903481
53932196
38188559
49403503
112399608
86144547
68132918
57365061
84399012
10770026
4897085
310775
7036296
122604598
97027160
1897555
103874675
12482244
72961584
60476681
57557564
115508084
44708134
29790988
1669894
24852693
36696459
97417062
47835265
64909398
61878749
21046952
109399720
103711041
15633578
18950262
105114705
84805409
47983723
17647678
14657854
1784840
1545903
30910323
3407344
29405699
81643525
35881726
4194856
2688398
15656140
105831367
10949116
22860713
17168594
117163546
62036501
24916892
62306096
2042536
60148386
28467542
837578
54513999
16814908
88250292
13788280
51050963
38764324
79616096
86252110
87534440
18119834
15312214
11373362
103269824
108299769
25703265
34368343
685878
41825417
112226241
12751663
107121502
89371377
15322493
14610351
83476950
20490857
67277214
59094322
20023161
8746503
34089587
81673269
2345942
34670514
36157867
15637820
73265233
38264227
1583278
25238593
9942310
86940088
1685871
50502064
36234841
68744257
402394
65435298
72200581
23607536
111008980
4318690
45529335
1136639
110610986
27170728
99543908
54115316
19573009
64267141
10196562
2899578
12581732
5756527
91726135
7763810
70187120
96050946
66011870
62759435
41050956
72236627
33886208
73870470
28082024
8261000
108388811
43164072
24836686
57925463
46514749
8183759
50673911
7126234
24431142
15393969
5965438
4052530
79714758
65965484
2347521
6709021
24376411
29189930
1301502
27441795
73555797
1275462
14588725
64562
47139879
33978290
36588539
58623500
11859857
7234953
100607437
35429634
20046779
10914178
994925
90335219
11694950
427371
82825598
86569926
2578385
5503569
3493569
15388940
25913132
21341270
64125394
4331911
24237651
30881350
4116832
8740656
47124139
1635360
37552673
4400602
9409802
20252457
5845860
7784018
31327568
12889718
63641385
106077321
33164315
10790294
5553303
7190076
67022809
4630490
35040120
23195007
71861652
69430420
45403670
42797278
8738177
118533502
26771947
66252361
16466120
65548782
18693691
20358230
10184149
3890294
24759013
25148826
19908584
3721148
10010081
12556228
12722298
7676927
15371741
75042411
51529624
83294705
1519640
8705452
36916115
24893548
41194066
66000053
6492
409404
105767961
39115382
21583522
1867764
10382796
38605291
74662310
12149604
55427304
28175075
91306282
1835545
46239511
104549397
109882655
44670969
56591206
18345447
40640361
24615250
54478426
9237953
17669365
79739619
63097677
15445076
34888514
36709649
66111420
38927738
72555694
2906667
41810666
29932258
15716019
92185166
836558
73601460
42896668
45440409
57753453
41370666
84700660
53863249
4165762
38309551
63682789
28182162
4116904
50908524
14160795
2539947
21052512
11046924
84771057
34110954
11655475
85468906
6989767
27835522
65314233
40321892
27565568
47032617
17793526
31537522
101471867
67641783
618963
18155946
58011285
11483595
57705547
8823962
76924388
18751854
538065
111378209
46921510
13623137
21765736
33295225
61763537
41966940
27827809
27229014
25881852
73588011
57374771
16034225
121637418
32487629
18296939
112360728
60521690
1198580
2166592
40893110
32727651
56482019
45773718
90025946
20041191
64805966
570878
50187062
110702
23795089
10062570
68876718
97701961
84729852
1838528
46398359
471601
101009483
38011616
188395
1992074
61084530
101631113
34444150
12127553
3461833
66118869
41006557
43263246
84283250
46449604
55000781
59465626
43133176
22676288
48160725
94460092
20186131
55083182
85868298
60163774
28340281
34262690
20866574
49872778
10050482
46204180
54290103
82491719
32478990
107655608
60345805
30773557
30004155
30424325
12266553
48463408
760063
101080968
115430581
75588750
5748009
4556479
19611423
8273240
5671591
93569324
28133832
73090499
4860563
32346813
46478121
13992108
10749131
43273340
22000448
71828134
75428580
561569
23612226
101555278
87650625
72299362
2797540
24363750
95528860
28968738
6479574
49676052
29568413
93537648
37759120
38470997
77133496
36956368
27724243
36790
28513809
36212639
21104302
24223924
20114229
18593200
15129508
92600945
21156338
87525939
135651
4427334
59887594
5365308
58592942
23231791
82250765
49108659
58886928
38552405
71290659
65839523
6264679
22002181
1885948
15668039
97301109
22324208
90070476
22726187
57973025
58601644
51226211
112643184
74196981
23007550
51221458
47681490
73607117
12451449
3684776
19227446
21580406
10088951
17201143
24470930
67026718
95070158
27167446
102718444
2794601
56125407
49049391
97290574
63871747
8859699
7954454
27655404
58526725
11672647
6821855
3577332
945840
2647228
5022337
17432948
19236855
756038
97920581
50472221
73946122
31851631
96714884
47994405
25540586
9972760
28458710
4431886
58071105
12800709
51609534
24743283
62227138
35874862
26837933
87592552
32425703
17651878
94278696
1367916
9930766
96170679
78888916
713807
14552425
25275154
41645266
77112167
13851170
65208298
8017008
89155940
63042651
91785836
8615217
6087891
29945937
31068751
2376067
88329026
61045760
36738835
46234386
94593457
95150281
12873069
32454551
59366276
8260674
14378639
88908748
85479751
108770541
44473236
66686271
27715639
13809653
75433233
7323990
60841867
9894471
38759744
102766681
36201182
26818339
53543382
116819103
4703121
76258338
56058458
24743977
70110957
2143712
110876972
2541584
3274205
13213950
19823092
81109768
6683642
21781665
2921500
28019675
11976458
5879148
56328466
10318657
30144095
68446967
53559194
25133117
69838809
43356166
690747
6183503
67301796
8679252
25839492
84255123
97070011
96611883
106196695
20365806
92850663
3544937
26609450
30435574
30877497
34668289
91530919
4077952
72305947
95885361
40225095
19384315
16066054
72493262
33237710
13609601
25017266
18876283
6913344
47992249
1416949
13890765
27005410
42531348
15061546
73849303
17558611
14426589
14169450
33059791
25055200
94049442
82328565
71778258
2206844
1261329
39386579
54229645
11207974
71170124
59097521
77644599
14146655
65464006
25353214
34037977
16454970
48727806
26778505
32867576
31902032
15341004
49720103
71628685
14712026
26367372
48521421
53409943
65934023
27021715
103738314
1898130
34889917
24993654
1706165
28704223
31440201
36193604
25034389
1805530
62041340
38222636
11141867
74975522
19937027
97745006
2229701
75430725
41827726
60152148
40688551
42500113
46600173
56204511
118874441
86660934
26351096
79619255
37001820
69999292
7732149
43222148
53144869
714672
81904422
55082328
37121411
968937
1828686
95812084
55442079
88181540
42301271
16710561
44742217
79877323
21571857
27147652
24895052
12836804
11349459
24917858
78825501
7089396
32670469
29284970
10393464
3184444
18390625
16904997
28564274
14951771
104619228
109325778
32675284
47994214
46361971
43146438
3930683
34567975
4255570
67664499
1477481
7305438
79764748
3320313
4412050
35781667
17808163
25392764
47744701
16585674
60905330
26976285
50363614
66548824
49497100
18901380
49965758
9940403
25111750
53237866
45850283
93360717
68974858
25729493
46846020
77817530
46320514
9246416
69746613
81518613
10958962
3645066
45400558
105746102
5255758
17790263
80619982
3586821
74793566
21349361
10646756
34684475
47585148
81299860
13781576
1558068
8354362
23032840
95124312
94268692
56966516
18782773
15403386
118987561
5776574
47540294
76092299
19370106
22073034
10512987
31410831
19740947
12180691
23089776
17633607
25500456
30558778
9334922
13774552
98059146
24541649
659618
931253
67701665
36852650
21552250
39800391
85013435
119358660
52329173
50193422
54412769
80367572
1317039
65492560
64277703
80118089
71815629
12512097
21148169
34439120
12059865
45111049
26214851
12103291
56296052
3405764
5925337
32955830
49291546
89330552
12782005
44753738
57603528
72387036
108130127
10092820
86183558
38767101
25635566
31666959
2947685
85085688
1828881
48323407
84497659
35998124
30173517
65987201
1016166
40438522
86698423
3590968
84534829
15868000
8466700
12711741
56138302
98765356
95831126
54434421
59189976
45191812
47754119
102515459
66273527
91593808
18539429
67096397
86491405
79824584
91008290
37175822
90332487
16527819
69213860
31712990
69364686
78850819
9769150
97383416
45318986
34562393
61581669
56756590
35696323
27991787
74804043
22068787
20311586
182637
116797455
25981791
79353524
24484560
17249244
11934093
53893322
4437794
39525766
20238655
27101915
40663333
40155967
51227606
7630050
44097400
56908706
45705349
104538045
15081354
75971176
4998366
77530830
85470232
31757079
6864638
59011857
27908434
21932581
3094765
1795079
65839683
50436002
48195833
110077767
10613148
45567648
29573755
24409581
34656601
78025060
1733520
71288490
14892115
9417090
13037723
11089490
64230281
88914014
21882192
111052752
6083920
77836330
30440914
60727305
3201911
39556698
26820203
64049314
27207457
7206725
87373656
88141463
48812964
2180226
3898210
81866643
136301
46541189
70389639
47855118
36503366
6843239
43776086
32654889
10238735
37005298
68008344
23062943
4860769
102435080
18402568
21760437
78457638
28705388
39488817
94442596
83498546
34627889
30444333
111188015
97928471
22251011
14311083
43960265
38703221
13464013
116774512
100900744
56764096
14473243
50465112
11692656
4312820
18109171
37332359
23585193
53612261
22616568
19104275
2767801
17549048
12542729
6454244
73047075
27786640
40189017
72504447
55890613
86174209
10477364
102246672
15561563
6865546
24810711
15753666
56029123
17553097
78253940
11257880
43310297
5939553
32403128
7599177
5919722
2498418
24675047
1503156
96929485
109902831
12564725
43910444
96530012
58543716
1493306
16628523
65667289
9086366
10272782
107696074
22325344
41943241
73793024
19521991
34015846
26603059
39776496
91251936
56025745
114683554
105953342
26458141
17676874
71515267
55419136
9026834
55825516
3842828
49395126
9279100
16295892
58745409
4422717
118278387
92737331
85188343
79168560
11425739
78397710
649024
52468498
10845146
70183936
16276254
39492381
7283228
14620588
6084511
39474069
51233784
10050864
111375495
13050526
32104957
5284705
14135750
12683010
50908111
36702748
75151101
119792832
12116838
37153559
26016015
77816356
41754917
48501174
33280819
98817327
35032542
35534486
37385434
764710
93238087
62978568
65994140
11720882
14904334
52390257
67566620
11793830
91801208
91187794
21775798
65427100
21146137
22061640
3644035
40930107
90480670
73627833
52115100
10625652
7836782
15886226
19152767
18609887
943477
15964804
42090930
147907
46800935
3484595
76548391
1151434
3218936
11741787
52439802
29774031
43138640
81848355
1272632
55517557
25831581
40501645
89848112
9996176
23724910
11212141
80039874
24092684
53994348
34007619
52839741
23854389
19413261
58975529
8012317
49454464
49442581
41968183
55214160
9415454
14628635
19670196
3143382
14452826
18951144
4617249
39923586
31194521
104073580
61942223
84797021
96050968
24990519
75526172
17506330
8247064
25703559
7420896
27496769
2869661
6026953
57967828
76278771
42238974
50899257
22446644
17029032
23844663
78570933
65923907
37628039
19091420
33728857
6206483
10580447
63770800
9416398
5058698
73424765
86010125
19940297
19695025
39985219
66757290
14209000
69741384
16698471
32255707
39706149
16047566
71326007
3674855
2271363
27759979
79095549
49033618
102683416
919724
6319042
47129696
56845296
107915535
71293308
59956431
7783871
69390811
77154789
245431
19141182
1372467
29810381
7548953
3294198
30671577
22891916
42068776
73570558
38162518
42202848
52069331
3772844
53838411
5829879
870539
25355438
11885659
14326863
4436612
14025827
4385261
7117977
30915773
10899249
103070925
7758803
17678080
64264532
104439292
24300966
71513784
25050801
41069001
6899271
69726012
1084291
104267781
51703820
81531021
29630536
20912525
89786625
94309136
4967903
27146790
11393998
108523509
31956383
17642237
30978671
30528293
35400348
86931336
23538802
36542560
3584632
1956681
7779772
11167962
36902816
426467
26989164
43437886
37279805
93121317
23931271
65147592
31989009
72402889
106525212
28991266
6740987
64012084
57243983
48618340
60004544
973424
38902128
39313901
48338873
5152161
23615670
27609530
69962200
5483834
53515800
14113102
84716391
56507080
8251163
46822407
18258550
11893990
66613919
5805980
10088567
5649475
8132229
61871072
5074561
95970268
31428196
4833274
40129582
61641387
11703204
113783217
22165068
30107853
63583635
61286392
12931
61192400
30584578
13107720
105505467
91005960
4121416
17908576
29386362
53056835
67531014
105879968
76774044
2008015
53948215
58327756
68738260
43104701
66587367
35943583
32377333
49097350
11380306
7367490
108866279
14566966
32220431
10837941
8088159
40664613
24082263
13158955
18471328
17187732
68685158
13383865
97912611
61897616
81116954
32173215
30044723
24716996
12206475
108465898
40246593
21963293
109857
47630380
96560436
8724032
92735565
7917531
61952593
18085488
103816932
67042242
56719106
113359517
97533755
43765020
86969069
10830520
630221
22109119
39140761
58976909
117628044
27497390
8677219
10705658
16808158
3911447
42176817
40692805
77141406
106877322
12915773
52255581
21390884
84939945
20447039
9531876
17807065
3388450
33403090
26126382
63099443
88319998
75174714
53814859
6868403
2908689
16908573
55301962
80628122
28730283
24693517
44413728
119867910
28608640
63730653
42402795
4474385
7173841
74763833
30664440
37312146
14254439
13826928
49765581
98513003
21053574
3378380
41056317
33262930
49837374
72115283
61620219
3873397
17130242
11861588
34698895
109802180
12006659
95885593
92990208
54854578
41122554
8597784
62787314
31649803
790590
41330148
21073881
33502123
58093594
372900
16782941
30527811
17518138
10527562
1228347
85404277
47353528
638353
17222364
20989680
6901218
17928734
70014211
50001536
50471739
88345518
6186178
53930080
34244675
15064542
12177674
112657502
5351454
10242505
57342439
4254067
4203950
80611529
78173594
12451343
53673007
91586940
93211116
32659692
25920487
152809
95955236
3731363
40490954
54428384
41219946
36359745
79376474
27865189
66553832
20767497
22359772
108185669
25117097
7934693
70747813
66711270
5675280
66054771
701956
76311934
31686187
9114120
1092909
12635752
684199
65982081
96529937
14020005
3849698
79347723
786247
21913123
87113427
12091539
33181410
85228649
25364912
88387032
67757302
22755144
40316951
40238891
27486879
19365488
98252725
8600312
8393636
23193268
55854421
69934070
24099706
82129600
40530708
16427223
73658660
19128460
76838080
58288638
31963285
89053705
27460910
11484769
4520773
1997126
79092958
102488551
25263090
59820465
25825317
86301513
12876741
75142957
94412542
94954327
30478865
81765435
19409442
10285392
8150013
39470976
30982305
1592058
71347765
24376327
13920386
6107151
65708667
42525645
56990571
50311181
92055333
82348583
2151430
27407508
5797073
47779809
37555718
3828859
378266
65978217
108734491
28151262
33237429
9811057
16875669
48837295
18403794
85336082
93670754
58691354
54909429
78039351
65766778
31727722
16449634
13268862
48200721
60790951
103927759
23046661
96352648
7240115
19244190
45042517
58849530
74432560
6444770
443202
41114114
12125780
83522940
82623109
34738133
9715724
5610793
15821582
6253161
55690241
46035421
38507603
23680917
16323207
1079073
106141510
17947561
20491730
10714320
33273246
10216483
13068614
29352767
21639375
38244950
112298558
114900688
94792427
3988478
13367706
3023481
24246544
30353329
66083856
12577134
86122624
82844801
66514283
91185366
548776
103458193
14965857
17605930
10297208
45915264
39372384
61809077
88175842
108946790
5319564
75310934
85377558
17492064
20952112
29364459
30216365
37362807
5457646
39534893
64582495
65918645
5199152
49870939
12929895
21999859
5493941
86671495
78433722
6765434
45230114
6211247
26809146
10414085
89033713
86082611
70811793
47017198
28505714
18390723
65535596
84650668
33435489
26949532
25098481
44991615
25905530
55773813
13400096
93734361
22306969
6916991
16673117
2053957
78867227
71975637
53655218
15241013
64541212
40039540
23195051
1590997
28435136
34603636
78757538
1610807
37764567
18684147
49164522
22118411
35357655
2671553
50436456
29144782
19797075
34582116
2770161
10700820
30322423
44970530
76648126
22716893
39399556
23625728
66462340
111778156
1364516
28304298
33526542
6701972
53933737
44919080
35054110
20906114
100934969
77588292
23658910
19041391
51834926
2170911
32267095
77581387
3570126
52388907
5626423
40882661
30753644
17691567
58928480
70522470
78255127
20052094
6473916
333200
49195005
40517318
92374604
85860053
7517650
95569206
92470056
4672982
73089643
31490282
2122018
54636624
59930276
5901186
44855659
76638813
45929469
17303976
40376879
72462196
71834893
12078762
2083259
11770949
13327198
22378592
13242357
26065919
6723843
25161225
58576792
89748900
15448178
89123528
11512950
20516134
19759890
24070888
76366095
9126959
25487151
19617230
2264820
83542725
6269662
78363097
20114984
82987390
6680628
39722064
32298008
5154938
12000950
16838217
70884475
113602590
97602252
44058333
39640340
18284739
13228449
9069127
48392645
42428800
25708137
50703786
91224469
3457264
54431183
14136800
6248392
44114239
39147594
62318001
22004977
29560621
76459836
77432326
3114712
30912168
55487857
65919832
69273108
42171947
76900563
16857503
13712570
100538646
90383374
3546776
25715623
42443889
38609623
86726326
38389008
43734397
96001563
8595315
35918700
9195971
1348728
57103204
25435874
101473593
90413627
20098724
6998984
36765507
39273957
24660081
2207592
51461814
67811861
8616999
14605623
32731033
20653443
7366959
58296400
41761106
45776144
76761602
91776373
4556516
26862502
94486526
73082707
2317617
29365120
99814819
38878579
88602478
2971698
555827
66838347
27289721
13331059
22971740
90561270
6741397
78136399
30328599
36809684
29212414
21838864
98125114
45786851
12755305
61384484
40205346
58780799
77535224
96109486
7310001
10494722
12742318
19807173
38249446
31903895
19076581
27654260
7731788
10165322
8899881
65942147
7932702
88675235
33039434
44953437
18885336
43215210
114871656
39798869
41687685
86054266
44048652
8748624
45028970
79483028
10296923
63835938
6094720
8312130
21963874
63625379
31541157
50583838
34022762
4689346
10200013
16273517
22253288
28308335
59874801
67526251
9290431
27013172
30315569
4387607
83803248
17377752
89151658
12774298
9609028
50758352
54093291
68493161
14753478
110955309
52761715
51728263
850345
19814961
30913257
71333272
42860119
7896531
8064825
8728786
24042884
29107042
16561142
38159107
199780
71210803
76514482
52839235
13737304
794391
40142909
2632807
36892838
91732983
32231124
760905
56077948
58751287
2489313
1909228
107698487
12705925
18377212
46078451
33918513
2340281
57708487
38470706
77814278
34888544
43787488
68500070
26310334
46448577
10284156
20455192
79884818
39312556
38714578
57812018
16618432
76472200
17829557
12205760
13678665
13586311
46629295
39796020
29683054
64169488
1175442
64200568
7137845
20506870
51225780
62514120
15835122
57244584
14566607
3144032
78824915
92227104
107476717
435247
64597739
11584720
109118097
79665995
65972602
95201418
1743330
92599772
28994963
579595
19793352
2961880
11439257
23146048
111159176
72909816
18162667
39706603
55208091
25547975
38120449
76769471
15120599
37142855
34981083
23371319
15351181
25398852
14697984
18585241
2860413
48821894
5274335
23938168
32556617
9113220
34572085
7417477
88405651
7360083
31945506
4514163
80876671
1631513
61545301
106149464
94582602
13429396
40378437
15043165
975555
39275001
49262975
26117877
46679485
32137781
9846420
14093483
23663105
63599197
52962617
71245255
52238620
14500139
421967
36741599
30131736
5464887
1992711
65591172
4358730
61339958
32790375
66759914
15354038
76299983
5554173
3066871
3465605
42318304
102006118
62910410
81473041
12914821
31019240
1460075
13389636
10312765
34177503
9073459
56421290
299142
3764649
5225897
34018368
27770147
26968180
45004433
3938716
70699080
8435010
14209483
57084189
72489069
28733916
46285870
26980941
45670986
55882824
310608
32460611
55102573
116677940
59942271
7685283
8141128
32958853
16113290
46897246
43402953
36765280
31273763
133035
91888258
64531169
3583663
74156804
83184047
115139345
7344305
49263312
64794757
7935029
17451485
86062175
12005541
28398144
19016560
45626455
7690452
5062725
33056604
51092835
10212522
34698566
31211498
37403770
17787411
1428736
30563814
78641040
45512644
620386
4208021
101525927
58934534
25425208
3451292
24563066
31761759
77508912
2656066
1758417
80129615
19667913
64731341
15243144
100028175
58842576
35432686
95201982
101884358
89529222
65084448
48835255
17509712
14431604
74701730
12190765
65286119
12870156
99756739
9253521
17066301
4252952
24435266
7344743
1342035
23795221
29840478
12889833
15340057
3617459
81228118
5264451
77534953
30690463
2569807
96587949
77935214
63652409
86058887
103150318
92388103
45440674
8631069
2451777
38508072
5192050
93920469
15225054
18341286
75301094
21193546
2193830
70382185
30750030
48795972
65448748
69000371
22487302
12477651
59944918
91187620
16417557
44883107
15941407
77419158
65614869
3926522
18226925
65595470
2899988
31969910
27564558
40073825
47574771
27068094
56108913
42636361
60110002
72712818
64990
51594236
5662402
66908117
45783688
22729257
1353603
28915595
5139332
40043870
24551005
81852233
25451429
40823472
2290219
20110373
20496015
79392070
87864633
78564725
26336995
36715517
53359828
4721599
33023949
65652545
71307811
82831301
72189184
6947699
5451465
91567000
25751125
57019205
97991504
108409757
29122330
35554726
74172396
12248349
46264929
78040580
9676506
35790140
35507652
32313411
59025675
22559880
69998514
98832617
9901206
25497789
25350842
93244128
39988029
9072148
30405111
11662916
83410003
1541615
93477231
4001780
3925295
14501582
20429986
15012051
72160947
50419423
37789563
1962142
17497203
14857653
76465313
9801967
85920451
555970
86746207
48831675
52705283
42437
3802549
36524339
59006752
1367101
16992133
37583609
79925003
109928639
67601116
8175186
24690129
7606658
2691384
46734456
16085473
88624522
2966076
855007
47403201
5950255
14782216
9980256
24044884
53439915
24777068
48533822
60692277
7903347
24779291
5792337
54800143
6442663
61379983
13502548
8149022
8394248
920901
26765777
32676423
41717267
40584325
36084896
36008842
6183090
7863683
13795373
15972238
78588800
37135349
6624855
15733416
20429876
19827321
15696801
29162282
75659263
40065834
48962949
29632117
86050024
32408034
7198109
7742647
6261737
18903532
69173117
71789922
57509779
69117391
38365065
95493859
91485153
10073540
92589299
95839236
31930307
79188679
49156469
6506459
2383899
4408146
33752158
84585815
30835240
54020944
53275659
1820628
100463937
21768754
25183526
38276361
75846173
10135451
46055587
58524728
411028
33658505
98612916
4872255
91579836
30871022
62267076
59510552
42817782
47007536
1183329
58164280
57209451
99681169
41655791
81007038
77852855
39691154
56924390
37704390
1775572
21574456
27134948
95229957
5970906
37575814
18291271
76638223
27316451
18714235
51518673
11010285
8294354
23897906
18126213
20713586
99248218
38983298
55294854
7850696
80984341
72327876
59234678
36817762
61658301
33882592
24512734
28614944
31699527
77019629
77730751
16531033
27671797
60919415
66302494
12691820
58271819
72312223
58775429
32142270
71027970
46573276
13699516
7880487
12425927
1528496
49679569
23620152
41364934
13003738
109714126
43922641
3011394
11651164
83195859
53754856
4786895
78863436
42799684
62016009
3640039
44950536
29522588
23881544
93417675
5682828
59503804
11372586
28446412
45489655
9624027
4051690
101139579
46861022
84017216
15047020
9886247
51345696
3551829
4540002
12935277
88260844
23142149
51138158
45844877
20193701
67337123
31171557
49107793
8607706
30598149
26913661
2783643
50478657
59278659
47003378
103719548
6076825
43521857
101621747
32517832
2135090
84160428
38811913
262401
15966290
83143439
22982622
37342155
9767985
44596681
3505355
29490922
11885800
20374256
61844301
30204898
42231353
20575722
462884
23114385
17679731
4413233
10163317
93385054
111514153
28526235
13741384
24765710
51990698
17339032
20909551
91744385
67636289
7831160
19084659
35568866
20359523
34244101
10608738
64421465
42281524
83626709
87222412
12565087
17874650
875150
19312095
4445479
10741353
40833610
24509981
99085497
91099194
26594834
430065
95777833
89046350
89931758
12329733
18095049
92021566
4445063
6889221
20257589
56293615
62246062
46679171
52248494
77513511
23170601
6547382
28657604
36677800
35170858
15768524
99283291
9927511
11826852
76331216
5170433
36085044
61840150
57653854
46898893
1939236
58184250
2252536
5570659
2159936
46305084
4842132
64890908
5411785
79370296
8754242
539611
17672009
54059927
13470929
10140355
6177537
27593730
26358099
19521871
11395866
54693231
31809085
3901467
20137247
40736751
67238300
61171299
35663173
39845042
104323952
51592399
26813189
79301941
79244409
29400712
3082761
27036418
81293033
22193177
5110294
98640668
12946605
68068274
36588136
8150079
47767218
37308683
4023733
102847726
53298033
14274378
43293517
94063710
48210752
81871884
57372430
3035127
63999813
92440946
49543587
23652098
11049925
13935749
31471290
71063100
6165007
1865498
46867191
39118184
16574808
8544715
43748323
5409604
48541953
61909918
20934021
46367178
15278341
22405020
80087535
45005724
13720207
6242335
29698326
32747382
72653366
25627066
2591591
31017745
8120507
52575579
312232
70967631
76889342
21719027
23611471
9291024
78887390
17560283
55600620
53818044
83676385
79171071
33778902
92496976
25303631
110048398
6753494
66943770
62091642
83849600
16605466
17638536
88803550
63957862
7605768
24788126
107551661
1622520
9102443
1158776
47091033
41146026
9720173
36047482
1833777
59838512
37375026
97711671
52248097
2552749
12567926
27011571
41473806
2887616
8265048
67337581
37529270
49160856
106880613
8294457
85469131
33244999
13614409
109772143
40704286
18942319
29225540
25361900
28851693
30707467
15128248
59514002
59324916
77263042
1828813
37838289
2506928
19625136
22102719
3874591
9549079
40310733
53151662
57645623
9469039
45946725
63706
22362662
270374
62383948
86116946
17919747
51798418
79451182
7972944
4261275
87039013
8271543
61930528
26659284
35789364
17327975
50050587
10359394
29644360
27763470
36726006
5692813
30989144
22887614
41886262
9488119
43624876
20466914
18148546
51369089
100529871
15933976
29714569
7707237
14338520
30046787
54766840
12758611
47945695
70597427
13781012
3464161
15965864
25480877
9673732
16105386
7467259
14595513
20336614
79724158
46965778
34596396
16527916
20589858
69743078
18992804
83465876
49269555
10718994
8672075
33298590
20458634
101566858
3776599
2447261
11885992
10740732
2980402
10680453
4389901
34691387
11278172
63819267
5443800
52910643
27537959
35036245
6274642
5313132
4188431
85716146
34468707
8121634
70052067
18448750
6788438
55567512
25202340
56461674
107449003
35038873
6850431
23404796
1844195
37955004
20099535
20709
84014620
73968798
21671385
16910349
43072727
15921670
64484175
44624368
53078831
18524950
315256
70292431
50042587
51842588
13964148
78854890
21090831
32890662
42525911
32694914
3719128
65769316
75781117
443246
4797012
15450527
41569832
82734598
46322788
31175953
16005329
48230848
3778856
30267630
67154088
12044521
33456452
23909646
55428585
3469902
41329726
34192978
6868740
21610638
48868515
66293170
4926768
36191701
24193651
20578893
8800927
43368681
60948236
92806338
11549348
101361980
45154056
65890127
64458305
84932052
35274442
53390889
45417487
6848570
122166
36314412
105448538
28582747
2496715
5594594
69205985
31561865
47249886
17871788
36216884
88991
7521184
17650577
1843087
57249415
33154654
1693017
91656167
2604761
100881279
47619959
95842022
11628424
69118983
74951109
16546559
75460429
59685046
28919209
90927993
15957617
27743358
31237497
44443176
59037397
23517228
9929781
42580293
50677835
58907351
30315222
14164806
88425006
57380955
5177629
26875982
35737638
36623805
38147337
74946883
104904484
35839412
30829757
25324688
42159960
52198154
28403525
4057438
37400707
29202443
9910397
110262207
15751152
3973416
100060681
37797089
101026963
11144893
1302291
55959602
99313713
22228564
9281293
78545303
43874060
26124362
16993025
18884026
39400750
34297015
99566486
101491004
12322624
2878671
50916143
23482232
67119506
51935004
4028154
6208322
89627136
86373353
4383669
63947738
76142653
8169415
37002678
25792233
13561271
25073445
42947416
8830625
27345375
25841953
17802385
14414228
7973251
1850912
40720484
63950365
2484192
25706076
47028173
37866173
4841734
39029042
361803
58902390
26466545
5676285
71206853
7057373
21500793
9917045
25999506
7423961
98531504
23432372
10959945
12882341
4799655
32726178
82808573
66903749
26974548
87097544
50781128
5043729
62076693
46295335
28315345
52622184
45610754
14302692
19138973
25330233
27968457
85735
18980856
78440353
2971821
63582568
109549467
7905233
47032547
1044654
7514739
7664624
32587311
44172961
10938015
66159680
6284208
46185522
27034046
58524836
2928305
12993996
2178986
76460911
43782119
50556491
66489821
29030381
17519615
37124753
82492385
23407861
42532105
16813157
19168260
30871500
10843265
1852825
24448746
40234653
20123019
85009424
20115188
14764400
2437955
10172670
34535383
28506796
14002956
15143008
5583529
5524581
92330618
9150702
104243365
25853392
28569761
4308016
65987903
81174263
49816067
99076224
66259506
28137484
33411089
11666193
3654059
94065228
82654590
21123465
22122356
18896764
43748433
90150316
13117160
68111435
81883545
58014269
104073117
52295800
4790939
20069487
3433672
53029621
78476008
6115254
35282382
6992043
39020432
46405381
64604522
53340485
63138875
17919662
6208742
27797136
50345197
6980833
11832977
37089138
24071275
28401351
44881244
1903665
42746617
16420531
108967555
75539114
62548662
53395072
47822597
65627592
1945166
57261356
7225576
47710429
2478467
381036
9114760
61745455
66427323
61394542
97248153
17755681
100784031
62355672
46285448
98857467
28908044
6945630
36327678
14821372
13758354
80270130
43982885
32925798
26232853
1722921
73754812
1248643
32744212
37817411
7075627
72416368
30925493
61204430
42369845
56443764
13982227
28234616
29342523
57711852
60367122
6891178
21964067
92490700
72028610
37848161
75048727
20972340
45462650
55937819
67575317
8875769
20367008
14495493
13030492
2807414
28379130
15543644
7645770
35768271
5043768
107384538
87498395
14240251
54944676
47877205
57906260
17516945
38330815
52432440
13648392
6137709
11961171
24968888
56696684
12603424
64292856
57139745
25671962
32740224
35106399
17106999
21956154
16080818
25032457
14786902
15143699
40730409
105643016
11798285
48682348
76567173
6389426
69398448
10058276
73119610
30673149
37043845
18453381
8216539
293436
46211762
17596603
81264600
23100091
41444227
6468558
21220315
49168843
3627663
14551121
8289443
56981454
33641533
21584516
14005924
40275078
84707846
82698193
25355567
3319305
43877050
1770439
28275806
51040354
36426469
15740341
45296751
30098890
72406532
20996426
63515791
101591278
8783035
38934372
70376542
71182658
4322114
21434158
2351320
52480884
8517249
105437683
37895884
7123074
48575917
13760442
215325
49427585
27849139
81650389
59951218
28939707
4311527
69516804
38996267
293666
37686387
22753977
5348701
5082117
12431833
15928400
33698406
10208204
41839302
4497382
58039030
83032056
45201835
12207406
16583916
12262071
57787400
27963097
89887277
25704215
8478276
57382864
1261712
17680352
105568851
21620801
11326813
4968641
106010089
55808327
35499690
70577538
68146998
93858544
12115180
7932441
20725262
5776362
53952493
5557601
12231563
86231731
69049291
52442518
40750162
80034948
46923674
13790431
7440385
12540454
24428975
3277319
6741545
31066028
27818072
29004953
20982932
6055135
30118309
53304766
67844779
86044167
24178012
9727905
39611438
52955202
55252717
9434026
4167232
74759186
64182490
25881820
53202538
31173480
1882345
52851552
74689736
78032023
48245887
35647711
24605817
13756969
51762784
84334260
38073341
108158264
42954301
14229673
92693671
76694876
398440
17624537
22889816
6281041
42785278
87857146
96483330
1326830
23510928
36640006
7095903
96576470
5461456
210800
52321190
24198651
2680075
45126686
10592404
18412001
68452217
73973172
25491837
13898981
57486440
62126657
60267704
3908526
52025892
7660932
28102028
97812223
12680190
14551797
89464291
56016863
22129111
51595449
78843351
25765136
18909744
30182879
13184239
41952932
8610551
11065057
12275201
74527476
12197259
27107501
55971557
2591958
2019163
3073835
66443647
48781746
105734887
93736822
7361614
75083714
3130700
78167442
61500277
17435153
14063133
24114945
60527613
86434014
25774109
13423439
59452676
66622024
34955966
81285002
24143220
21040840
27685899
50197925
35839979
12694005
2786086
4458970
71663788
3187025
75028046
61448190
71227966
20139981
53518003
39423515
37932308
38726778
80253012
896290
70710125
81184531
45722054
83970033
7409641
12165694
58471837
31596088
49204234
57851733
12976330
37342571
11958025
12384210
96300856
586808
13025081
5880816
12099365
68018745
85068823
3633628
32386203
72872406
54812179
826740
94810558
58901673
77398614
48302937
60042130
67712263
24676232
70382971
77719728
20900608
92318453
1627839
2405937
8300946
27610222
39270438
3965323
69436716
12213638
32292070
66134835
19493549
80773516
48060399
83765422
28522874
10479051
55288802
38802652
53193336
94355088
379867
2073181
1315742
52930990
16374994
16378300
1279673
41275265
8584679
13249598
40284572
2185064
17595369
36518029
47852222
87885304
42633031
86557852
39978662
1869238
258074
83460549
5708380
52593575
23598217
9564973
102648693
82594552
65521161
18297843
14565457
50878239
37039153
87983652
34003074
20972724
2760113
14887049
10185197
833950
20703215
111626329
115154
19152188
37922766
29283111
11699235
26746925
78321815
11730298
13518061
9720168
27487440
1710029
61128392
16103950
15192754
3175296
36385712
36591329
26910310
13501636
75415985
9329762
61029512
36411802
35740323
3408014
482557
32556317
74501145
84482327
65080569
474253
34939134
7817591
82325340
1931595
37929326
6667090
42259418
13824555
10139382
75012141
12199509
68369967
63038959
11037840
63050176
58948160
63630227
53663179
62699285
74528718
14971643
9850173
21469635
35977618
30569907
84695838
60719317
12682254
249540
8963513
8751030
42183180
1873095
31033998
9949967
89844887
13693162
25041592
60946525
54338589
23694366
947362
40229774
13866158
85863001
18685956
50298829
63211460
51521751
45309645
4032295
32575727
6344648
6955275
28606796
75651088
37873868
7014384
61174400
107831251
26646689
12088361
32680630
28593123
2527694
7302076
3969195
42776089
1193488
38230853
39906599
41238240
61253672
12881071
15711485
41646726
8794510
2541819
41217156
17060965
21789498
19413038
83318533
643241
14584428
69228659
8321649
74036662
50126977
22461009
47323054
42710837
23263192
48044898
3126560
17736854
77892400
12193765
34674731
3203142
430590
32374706
8790558
1554948
86523802
77533498
28993796
54989188
88844211
64197302
82354758
2548390
14677830
69966249
98512968
19391846
62579055
6590327
83478892
44123500
34035376
2955628
1246321
101438102
44578678
15218703
4222762
42996065
48590267
14027826
13543786
17158378
92918739
104811024
51402925
4059244
18769307
14840866
85479998
21018578
46533756
39317730
7300850
20530170
86846274
1408608
23833333
15639215
19474778
35731301
12842763
5478640
14719855
72668558
5487591
32897280
43760507
32369079
1171190
3201895
72672859
44180610
2999118
62958952
12490963
498659
106050774
85219498
48508658
8830412
9609256
18536632
82990584
34673734
65428422
9150807
13612572
74673373
16252717
19205684
9562162
2523717
16998587
50269597
27951838
594647
2653633
98365598
24031209
73395164
52476400
18298105
102675812
7736565
39428650
49565367
103677726
6529110
24628770
86186232
13335913
8629922
3826892
9151549
6058143
7034157
2859748
3690770
37620772
45510102
31695814
41994836
20708134
49532220
4439353
41534851
52647594
79283817
99948798
28665159
59167263
28554031
58094210
23344130
11547667
25391800
3385347
25459608
80388408
27185099
41870590
5194821
76777257
18744349
23621482
19158309
31213738
55711178
55169570
66915484
92893587
47999039
64268329
56509499
74639974
64437587
67113361
85306264
39591528
65585298
97078820
22619363
57092862
4192109
105229476
28249351
8523542
19298301
36049115
67247582
30979563
24036034
87984692
39677531
44331940
22796749
20849678
17386789
6691388
72170657
7227040
53839563
459520
79042480
52703241
17360544
66537536
29023010
401287
52402302
57037509
81138081
32124000
74946635
18404416
65184329
56309775
9110023
71799655
22287560
18532376
9912253
37270367
75887280
4470047
6995833
76890645
47031098
85733812
23997433
6944485
93020817
27882335
30310066
2093876
578538
54041196
16631380
70993186
86953059
50336278
102891439
33079739
8458231
16652966
1136523
17551777
85175216
46959573
720124
66401695
52866520
6032699
22170378
10185498
27070269
24822011
2370293
87747417
9628132
50662713
55134718
82070223
7195250
12363183
109284514
516521
7705314
47617757
36463847
89388085
33163068
45778987
95850800
4444295
3487786
67738675
80244962
119090
45220066
79277838
75460859
8295991
68984739
20302728
18574209
31526363
80886244
25207698
22677725
50704227
24880860
24574737
11154372
98275909
38889647
14952103
59320217
32830004
74597631
21697314
32596722
37286734
23645011
11524883
65129404
89704202
22038708
90165331
21826780
6684364
2568354
95934384
98479781
53662352
27203492
5585968
96199193
64719168
60777144
33969587
25919875
710744
83194958
30799890
11794327
24979445
67930381
11508431
12693938
1608520
22422000
32540347
26569034
36814444
8190298
7470684
17652076
6501599
24997757
65058779
81566413
4895879
70633064
39049321
101207655
22611116
48005154
12994702
13336486
24033364
5754327
10134867
14618068
50225208
101214764
55284861
101888942
41522177
48942108
3648924
67280181
1122810
6083802
22213068
17297442
60347708
48825738
16538234
86526334
27912427
45471747
11687208
96320285
28075236
47974107
4749722
40300885
15798390
13168989
1536756
20194961
9098271
5840299
84524401
667552
17092586
2697038
34787812
16688923
6997921
51835220
21058886
3027981
3443979
40072274
39265618
25155718
25219546
32274480
60826111
56812957
79891213
22041429
14654594
6735910
30895208
18476347
7079886
9571641
42767161
87097874
8266556
9402652
99579093
71216106
82319913
1613646
89449582
21841047
406669
43557784
62494978
24908470
60027757
60154630
22006615
27088846
69209994
48732442
19163744
85793417
48030484
64147146
71762157
40877640
5887150
67149269
100089822
3914050
61256818
5833062
11136658
2074227
109177322
17629513
55924666
72132542
22195123
76683756
28264901
13021079
31420170
63583612
5668745
8958533
8872266
5933111
91480542
56136702
51033710
45630116
31005627
88051151
104755100
18589334
33688299
27801644
2343079
63667505
39043800
43281648
59012123
55258243
79465021
1491333
4417335
10389646
22747108
20010275
17754919
60706798
26144403
70752584
55168460
45022583
42565613
14100663
55885011
8898047
62301523
40042650
11624691
1393590
36940203
40563457
59030098
45238185
47812230
5271309
11291325
82619017
32120526
6494221
9934002
34423457
683847
105367532
11665499
4427860
37549947
16760280
15673101
53349601
54591611
42991485
49237049
43447571
2551498
13827217
15479510
49837413
29323973
4876301
27668851
28401125
57560376
34015980
82595471
37760766
1904220
28308307
265391
6193770
60925075
26498586
32523157
43026055
56032976
42930072
3720086
66726386
98027442
8108368
30597215
58003714
103080148
50253328
67688767
62895762
27793558
21126419
52632434
22085522
50114224
103560017
2183209
49751101
25581736
32277709
17671383
33174303
73932771
104103886
61212559
48852796
55174186
17265139
65710785
34324194
24015649
53748785
22259041
17619467
38316394
88968631
46622370
13752270
59105745
5142059
47843788
41509166
92588636
4837663
67342345
12217789
39433806
37332527
4604203
3798567
2758287
6650388
